1572382498.923023 269140 0 0 
1572382498.923794 269150 0 0 
1572382498.924527 269160 0 0 
1572382498.925264 269170 0 0 
1572382498.925980 269180 0 0 
1572382498.926670 269190 0 0 
1572382498.927306 269200 0 0 
1572382498.927899 269210 0 0 
1572382498.928523 269220 0 0 
1572382498.929104 269230 0 0 
1572382498.929683 269240 0 0 
1572382498.930257 269250 0 0 
1572382498.930904 269260 0 0 
1572382498.931490 269270 0 0 
1572382498.932084 269280 0 0 
1572382498.932729 269290 0 0 
1572382498.933317 269300 0 0 
1572382498.933886 269310 0 0 
1572382498.934482 269320 0 0 
1572382498.935057 269330 0 0 
1572382498.935635 269340 0 0 
1572382498.936236 269350 0 0 
1572382498.936834 2693670 0 0 
1572382498.937453 288980 0 0 
1572382498.938022 288990 0 0 
1572382498.942674 289000 0 0 
1572382498.956243 289010 0 0 
1572382498.962535 289020 0 0 
1572382498.974009 289030 0 0 
1572382498.986681 289040 0 0 
1572382498.991761 289050 0 0 
1572382499.004503 289060 0 0 
1572382499.015813 289070 0 0 
1572382499.023183 289080 0 0 
1572382499.033665 289090 0 0 
1572382499.046138 289100 0 0 
1572382499.052538 289110 0 0 
1572382499.063909 289120 0 0 
1572382499.076571 289130 0 0 
1572382499.081637 289140 0 0 
1572382499.094266 289150 0 0 
1572382499.105754 289160 0 0 
1572382499.117427 289170 0 0 
1572382499.123408 289180 0 0 
1572382499.136007 289190 0 0 
1572382499.142338 289200 0 0 
1572382499.153799 289210 0 0 
1572382499.166365 289220 0 0 
1572382499.171543 289230 0 0 
1572382499.184124 289240 0 0 
1572382499.195504 289250 0 0 
1572382499.201848 289260 0 0 
1572382499.214486 289270 0 0 
1572382499.225868 289280 0 0 
1572382499.232293 289290 0 0 
1572382499.243621 289300 0 0 
1572382499.256227 289310 0 0 
1572382499.261416 289320 0 0 
1572382499.274284 289330 0 0 
1572382499.285522 289340 0 0 
1572382499.291729 289350 0 0 
1572382499.304371 289360 0 0 
1572382499.321662 289370 0 0 
1572382499.323038 289380 0 0 
1572382499.333686 289390 0 0 
1572382499.346235 289400 0 0 
1572382499.351323 289410 0 0 
1572382499.363977 289420 0 0 
1572382499.375356 289430 0 0 
1572382499.381803 289440 0 0 
1572382499.394395 289450 0 0 
1572382499.405806 289460 0 0 
1572382499.412104 289470 0 0 
1572382499.423481 289480 0 0 
1572382499.436108 289490 0 0 
1572382499.442466 289500 0 0 
1572382499.453847 289510 0 0 
1572382499.466492 289520 0 0 
1572382499.471634 289530 0 0 
1572382499.484231 289540 0 0 
1572382499.495604 289550 0 0 
1572382499.502010 289560 0 0 
1572382499.519420 289570 0 0 
1572382499.526102 289580 0 0 
1572382499.532554 289590 0 0 
1572382499.543857 289600 0 0 
1572382499.556575 289610 0 0 
1572382499.561661 289620 0 0 
1572382499.574263 289630 0 0 
1572382499.585655 289640 0 0 
1572382499.591967 289650 0 0 
1572382499.603354 289660 0 0 
1572382499.615981 289670 0 0 
1572382499.622326 289680 0 0 
1572382499.633827 289690 0 0 
1572382499.646398 289700 0 0 
1572382499.651517 289710 0 0 
1572382499.664105 289720 0 0 
1572382499.675496 289730 0 0 
1572382499.681830 289740 0 0 
1572382499.694558 289750 0 0 
1572382499.705880 289760 0 0 
1572382499.712268 289770 0 0 
1572382499.723616 289780 0 0 
1572382499.736246 289790 0 0 
1572382499.741419 289800 0 0 
1572382499.754125 289810 0 0 
1572382499.765499 289820 0 0 
1572382499.771730 289830 0 0 
1572382499.785655 289840 0 0 
1572382499.795867 289850 0 0 
1572382499.802080 289860 0 0 
1572382499.813545 289870 0 0 
1572382499.826149 289880 0 0 
1572382499.832541 289890 0 0 
1572382499.843832 289900 0 0 
1572382499.856580 289910 0 0 
1572382499.861615 289920 0 0 
1572382499.874251 289930 0 0 
1572382499.885660 289940 0 0 
1572382499.891993 289950 0 0 
1572382499.909162 289960 0 0 
1572382499.916147 289970 0 0 
1572382499.922440 289980 0 0 
1572382499.933885 289990 0 0 
1572382499.946468 290000 0 0 
1572382499.951606 290010 0 0 
1572382499.964222 290020 0 0 
1572382499.975659 290030 0 0 
1572382499.981968 290040 0 0 
1572382499.993425 290050 0 0 
1572382500.006027 290060 0 0 
1572382500.012357 290070 0 0 
1572382500.023927 290080 0 0 
1572382500.036406 290090 0 0 
1572382500.041495 290100 0 0 
1572382500.054129 290110 0 0 
1572382500.065531 290120 0 0 
1572382500.071868 290130 0 0 
1572382500.084558 290140 0 0 
1572382500.095932 290150 0 0 
1572382500.107020 290160 0 0 
1572382500.113787 290170 0 0 
1572382500.126381 290180 0 0 
1572382500.131541 290190 0 0 
1572382500.144137 290200 0 0 
1572382500.155475 290210 0 0 
1572382500.161896 290220 0 0 
1572382500.174518 290230 0 0 
1572382500.185928 290240 0 0 
1572382500.192216 290250 0 0 
1572382500.203616 290260 0 0 
1572382500.216247 290270 0 0 
1572382500.221422 290280 0 0 
1572382500.233981 290290 0 0 
1572382500.245491 290300 0 0 
1572382500.251734 290310 0 0 
1572382500.264381 290320 0 0 
1572382500.276005 290330 0 0 
1572382500.282197 290340 0 0 
1572382500.293626 290350 0 0 
1572382500.312561 290360 0 0 
1572382500.313931 290370 0 0 
1572382500.323987 290380 0 0 
1572382500.335382 290390 0 0 
1572382500.341786 290400 0 0 
1572382500.354376 290410 0 0 
1572382500.365792 290420 0 0 
1572382500.372090 290430 0 0 
1572382500.383471 290440 0 0 
1572382500.396153 290450 0 0 
1572382500.402480 290460 0 0 
1572382500.413854 290470 0 0 
1572382500.426502 290480 0 0 
1572382500.431607 290490 0 0 
1572382500.444286 290500 0 0 
1572382500.455648 290510 0 0 
1572382500.461993 290520 0 0 
1572382500.473425 290530 0 0 
1572382500.486000 290540 0 0 
1572382500.496787 290550 0 0 
1572382500.503942 290560 0 0 
1572382500.516555 290570 0 0 
1572382500.521631 290580 1 0 
1572382500.534246 290590 0 0 
1572382500.545703 290600 0 0 
1572382500.552013 290610 0 0 
1572382500.563364 290620 0 0 
1572382500.576035 290630 0 0 
1572382500.582380 290640 0 0 
1572382500.593805 290650 0 0 
1572382500.606382 290660 0 0 
1572382500.611583 290670 0 0 
1572382500.624185 290680 0 0 
1572382500.635488 290690 0 0 
1572382500.641882 290700 0 0 
1572382500.654521 290710 0 0 
1572382500.665899 290720 0 0 
1572382500.672239 290730 0 0 
1572382500.683664 290740 0 0 
1572382500.701093 290750 0 0 
1572382500.702474 290760 0 0 
1572382500.714129 290770 0 0 
1572382500.725560 290780 1 0 
1572382500.733271 290790 0 0 
1572382500.744676 290800 0 0 
1572382500.755923 290810 1 0 
1572382500.762208 290820 1 0 
1572382500.773648 290830 1 1 
1572382500.786351 290840 1 0 
1572382500.791424 290850 3 0 
1572382500.803995 290860 3 0 
1572382500.815404 290870 4 0 
1572382500.821762 290880 6 0 
1572382500.834366 290890 5 0 
1572382500.845783 290900 6 0 
1572382500.852104 290910 6 1 
1572382500.863504 290920 7 1 
1572382500.876121 290930 6 1 
1572382500.882488 290940 6 3 
1572382500.900090 290950 6 3 
1572382500.905429 290960 6 5 
1572382500.911746 290970 6 7 
1572382500.924371 290980 6 7 
1572382500.935749 290990 5 8 
1572382500.942179 291000 5 9 
1572382500.953594 291010 5 10 
1572382500.966241 291020 5 11 
1572382500.972600 291030 6 11 
1572382500.983950 291040 6 12 
1572382500.996659 291050 6 13 
1572382501.001714 291060 7 12 
1572382501.014327 291070 7 14 
1572382501.025727 291080 8 13 
1572382501.032067 291090 9 14 
1572382501.043419 291100 8 14 
1572382501.056112 291110 9 14 
1572382501.062450 291120 10 14 
1572382501.079347 291130 11 15 
1572382501.086617 291140 12 14 
1572382501.091767 291150 12 14 
1572382501.104372 291160 14 13 
1572382501.115778 291170 14 14 
1572382501.122123 291180 14 12 
1572382501.133553 291190 15 12 
1572382501.146148 291200 15 12 
1572382501.152542 291210 16 12 
1572382501.163914 291220 16 12 
1572382501.176560 291230 16 12 
1572382501.181692 291240 16 11 
1572382501.194258 291250 17 12 
1572382501.205719 291260 17 11 
1572382501.212003 291270 17 12 
1572382501.224693 291280 17 11 
1572382501.236048 291290 17 12 
1572382501.246500 291300 16 12 
1572382501.253932 291310 15 12 
1572382501.266523 291320 15 13 
1572382501.271746 291330 15 13 
1572382501.284567 291340 13 14 
1572382501.295712 291350 14 14 
1572382501.302037 291360 12 15 
1572382501.314637 291370 12 14 
1572382501.326223 291380 12 16 
1572382501.332381 291390 11 15 
1572382501.343769 291400 11 15 
1572382501.356404 291410 12 15 
1572382501.361608 291420 12 15 
1572382501.374134 291430 12 15 
1572382501.385584 291440 13 15 
1572382501.391879 291450 13 14 
1572382501.404600 291460 13 14 
1572382501.415890 291470 13 14 
1572382501.422271 291480 14 14 
1572382501.433709 291490 14 13 
1572382501.446284 291500 15 14 
1572382501.452677 291510 15 13 
1572382501.464054 291520 15 13 
1572382501.476735 291530 15 14 
1572382501.481788 291540 16 13 
1572382501.494428 291550 16 13 
1572382501.505868 291560 15 14 
1572382501.512125 291570 16 14 
1572382501.523525 291580 15 15 
1572382501.536133 291590 15 14 
1572382501.542492 291600 14 15 
1572382501.553949 291610 15 16 
1572382501.566552 291620 15 16 
1572382501.571645 291630 15 17 
1572382501.584258 291640 15 17 
1572382501.602051 291650 14 17 
1572382501.603624 291660 15 17 
1572382501.613661 291670 15 17 
1572382501.626190 291680 15 17 
1572382501.632599 291690 15 18 
1572382501.643896 291700 17 17 
1572382501.656588 291710 16 18 
1572382501.661658 291720 17 18 
1572382501.674320 291730 17 17 
1572382501.685752 291740 18 18 
1572382501.692024 291750 18 17 
1572382501.704702 291760 19 18 
1572382501.716022 291770 19 17 
1572382501.722413 291780 20 18 
1572382501.733853 291790 19 18 
1572382501.746418 291800 19 17 
1572382501.751471 291810 20 18 
1572382501.770368 291820 19 19 
1572382501.775638 291830 19 19 
1572382501.783721 291840 19 19 
1572382501.794658 291850 18 19 
1572382501.806012 291860 19 19 
1572382501.812335 291870 18 19 
1572382501.823768 291880 19 19 
1572382501.836364 291890 19 20 
1572382501.841522 291900 18 20 
1572382501.854158 291910 19 19 
1572382501.865607 291920 18 20 
1572382501.871861 291930 19 20 
1572382501.884628 291940 18 20 
1572382501.895897 291950 19 20 
1572382501.902264 291960 18 20 
1572382501.913744 291970 19 19 
1572382501.926286 291980 18 20 
1572382501.937566 291990 19 20 
1572382501.944157 292000 19 19 
1572382501.955506 292010 19 20 
1572382501.961924 292020 20 19 
1572382501.974515 292030 19 19 
1572382501.985931 292040 19 19 
1572382501.992251 292050 19 19 
1572382502.003627 292060 19 19 
1572382502.016270 292070 19 18 
1572382502.022617 292080 20 19 
1572382502.034019 292090 19 19 
1572382502.046616 292100 19 19 
1572382502.051730 292110 18 19 
1572382502.064391 292120 19 19 
1572382502.075772 292130 18 18 
1572382502.082152 292140 18 19 
1572382502.093596 292150 18 19 
1572382502.112791 292160 18 19 
1572382502.114526 292170 18 18 
1572382502.123521 292180 18 19 
1572382502.136707 292190 17 19 
1572382502.141770 292200 18 18 
1572382502.154364 292210 18 19 
1572382502.165759 292220 18 18 
1572382502.172146 292230 17 19 
1572382502.183578 292240 18 18 
1572382502.196133 292250 18 19 
1572382502.202591 292260 17 18 
1572382502.213979 292270 18 18 
1572382502.226518 292280 17 17 
1572382502.231617 292290 18 19 
1572382502.244253 292300 18 17 
1572382502.255670 292310 18 18 
1572382502.261980 292320 18 18 
1572382502.279636 292330 17 17 
1572382502.286198 292340 18 17 
1572382502.292579 292350 18 17 
1572382502.303916 292360 17 17 
1572382502.316618 292370 18 18 
1572382502.321677 292380 18 17 
1572382502.334305 292390 17 16 
1572382502.345748 292400 17 17 
1572382502.351997 292410 17 17 
1572382502.364714 292420 17 17 
1572382502.376022 292430 17 17 
1572382502.382399 292440 17 17 
1572382502.393817 292450 16 16 
1572382502.406422 292460 16 17 
1572382502.411505 292470 16 17 
1572382502.424124 292480 16 17 
1572382502.435517 292490 16 16 
1572382502.447808 292500 16 17 
1572382502.454642 292510 16 16 
1572382502.466013 292520 16 16 
1572382502.472383 292530 16 16 
1572382502.483767 292540 16 16 
1572382502.496413 292550 15 16 
1572382502.501555 292560 16 15 
1572382502.514171 292570 15 16 
1572382502.525575 292580 16 15 
1572382502.531887 292590 16 16 
1572382502.544565 292600 15 15 
1572382502.555914 292610 16 15 
1572382502.562423 292620 14 15 
1572382502.573750 292630 14 14 
1572382502.586263 292640 14 13 
1572382502.592694 292650 14 13 
1572382502.604015 292660 14 14 
1572382502.621441 292670 14 14 
1572382502.622946 292680 15 13 
1572382502.634550 292690 14 15 
1572382502.645928 292700 14 14 
1572382502.652242 292710 14 15 
1572382502.663638 292720 15 14 
1572382502.676286 292730 14 15 
1572382502.682630 292740 15 15 
1572382502.694036 292750 14 15 
1572382502.706626 292760 15 15 
1572382502.711772 292770 15 16 
1572382502.724392 292780 14 15 
1572382502.735812 292790 15 15 
1572382502.742147 292800 14 16 
1572382502.753582 292810 15 15 
1572382502.766238 292820 15 16 
1572382502.772561 292830 15 15 
1572382502.789732 292840 15 16 
1572382502.796721 292850 15 15 
1572382502.801822 292860 15 15 
1572382502.814435 292870 15 15 
1572382502.825880 292880 16 15 
1572382502.832112 292890 15 16 
1572382502.843573 292900 15 15 
1572382502.857780 292910 16 15 
1572382502.862691 292920 15 14 
1572382502.873914 292930 15 15 
1572382502.886542 292940 16 15 
1572382502.891610 292950 15 15 
1572382502.904244 292960 15 15 
1572382502.915637 292970 16 15 
1572382502.922059 292980 16 16 
1572382502.934632 292990 16 15 
1572382502.946028 293000 16 15 
1572382502.956967 293010 16 16 
1572382502.963875 293020 16 15 
1572382502.976565 293030 15 16 
1572382502.981651 293040 16 16 
1572382502.994254 293050 15 16 
1572382503.005718 293060 16 16 
1572382503.011971 293070 15 16 
1572382503.024688 293080 15 17 
1572382503.036005 293090 16 16 
1572382503.042409 293100 16 17 
1572382503.053797 293110 16 17 
1572382503.066420 293120 16 17 
1572382503.071500 293130 16 17 
1572382503.084125 293140 16 17 
1572382503.095491 293150 16 17 
1572382503.101974 293160 15 17 
1572382503.114548 293170 16 18 
1572382503.131686 293180 15 17 
1572382503.133252 293190 16 17 
1572382503.143787 293200 16 17 
1572382503.156410 293210 17 17 
1572382503.161531 293220 17 17 
1572382503.174167 293230 17 16 
1572382503.185575 293240 18 17 
1572382503.191876 293250 17 16 
1572382503.204566 293260 18 16 
1572382503.215878 293270 18 17 
1572382503.222254 293280 19 17 
1572382503.233683 293290 19 17 
1572382503.246291 293300 18 16 
1572382503.252687 293310 18 17 
1572382503.263977 293320 17 17 
1572382503.277091 293330 18 17 
1572382503.281882 293340 17 17 
1572382503.298743 293350 17 17 
1572382503.305946 293360 17 17 
1572382503.312279 293370 17 17 
1572382503.323623 293380 17 17 
1572382503.336281 293390 16 17 
1572382503.342596 293400 17 17 
1572382503.354098 293410 17 17 
1572382503.366652 293420 16 17 
1572382503.371757 293430 17 17 
1572382503.384378 293440 18 17 
1572382503.395801 293450 17 17 
1572382503.402121 293460 17 17 
1572382503.413558 293470 17 16 
1572382503.426158 293480 17 17 
1572382503.432561 293490 18 17 
1572382503.443861 293500 17 17 
1572382503.456573 293510 17 17 
1572382503.467108 293520 17 17 
1572382503.474386 293530 18 17 
1572382503.485824 293540 17 17 
1572382503.492136 293550 18 17 
1572382503.503532 293560 17 17 
1572382503.516177 293570 18 17 
1572382503.522476 293580 17 17 
1572382503.533937 293590 18 17 
1572382503.546496 293600 17 18 
1572382503.551702 293610 17 17 
1572382503.564275 293620 17 17 
1572382503.575653 293630 18 18 
1572382503.582020 293640 17 17 
1572382503.594596 293650 18 17 
1572382503.606042 293660 17 18 
1572382503.612362 293670 18 17 
1572382503.623765 293680 18 17 
1572382503.640741 293690 18 17 
1572382503.642243 293700 19 18 
1572382503.654286 293710 18 17 
1572382503.665734 293720 18 17 
1572382503.671975 293730 18 18 
1572382503.684706 293740 18 17 
1572382503.695999 293750 18 18 
1572382503.702397 293760 18 17 
1572382503.713798 293770 18 18 
1572382503.726381 293780 17 17 
1572382503.731483 293790 18 17 
1572382503.744126 293800 18 18 
1572382503.755513 293810 18 18 
1572382503.761930 293820 18 18 
1572382503.774491 293830 17 17 
1572382503.786127 293840 17 18 
1572382503.792278 293850 17 17 
1572382503.809159 293860 16 17 
1572382503.816367 293870 16 17 
1572382503.821561 293880 16 17 
1572382503.834167 293890 16 16 
1572382503.845617 293900 16 16 
1572382503.851853 293910 16 15 
1572382503.864585 293920 16 16 
1572382503.875874 293930 15 15 
1572382503.882285 293940 16 15 
1572382503.893676 293950 16 15 
1572382503.906304 293960 15 14 
1572382503.912663 293970 16 14 
1572382503.924023 293980 15 15 
1572382503.936724 293990 16 15 
1572382503.943339 294000 15 14 
1572382503.954601 294010 16 15 
1572382503.965899 294020 15 15 
1572382503.972200 294030 15 15 
1572382503.983570 294040 15 15 
1572382503.996158 294050 14 14 
1572382504.002457 294060 14 15 
1572382504.013935 294070 14 14 
1572382504.026502 294080 14 15 
1572382504.031595 294090 14 14 
1572382504.044245 294100 15 15 
1572382504.055602 294110 14 14 
1572382504.061956 294120 14 14 
1572382504.074672 294130 14 13 
1572382504.086017 294140 14 12 
1572382504.092351 294150 12 13 
1572382504.103736 294160 13 12 
1572382504.116392 294170 12 12 
1572382504.121525 294180 12 12 
1572382504.134134 294190 11 12 
1572382504.145574 294200 11 11 
1572382504.158136 294210 11 11 
1572382504.164663 294220 11 11 
1572382504.176030 294230 11 11 
1572382504.182399 294240 10 10 
1572382504.193852 294250 11 11 
1572382504.206388 294260 11 10 
1572382504.211471 294270 11 11 
1572382504.224138 294280 10 10 
1572382504.235507 294290 12 11 
1572382504.241979 294300 11 9 
1572382504.254479 294310 11 10 
1572382504.265910 294320 10 10 
1572382504.272253 294330 11 10 
1572382504.283909 294340 10 10 
1572382504.296314 294350 11 10 
1572382504.302657 294360 10 11 
1572382504.314026 294370 11 10 
1572382504.331622 294380 10 10 
1572382504.333186 294390 10 11 
1572382504.344555 294400 10 10 
1572382504.355913 294410 9 9 
1572382504.362099 294420 8 9 
1572382504.373551 294430 8 9 
1572382504.386107 294440 9 8 
1572382504.392503 294450 9 8 
1572382504.403906 294460 8 7 
1572382504.416570 294470 9 8 
1572382504.421622 294480 8 8 
1572382504.434267 294490 9 8 
1572382504.445643 294500 9 8 
1572382504.452001 294510 9 7 
1572382504.463331 294520 9 8 
1572382504.476039 294530 9 7 
1572382504.482345 294540 9 7 
1572382504.493757 294550 9 7 
1572382504.506395 294560 9 7 
1572382504.517554 294570 8 7 
1572382504.524224 294580 8 8 
1572382504.535614 294590 8 7 
1572382504.542004 294600 7 7 
1572382504.553428 294610 6 7 
1572382504.565985 294620 7 7 
1572382504.572350 294630 6 8 
1572382504.583765 294640 7 8 
1572382504.596324 294650 6 8 
1572382504.601548 294660 6 8 
1572382504.614165 294670 7 8 
1572382504.625517 294680 6 7 
1572382504.631877 294690 7 8 
1572382504.644504 294700 7 8 
1572382504.655877 294710 7 7 
1572382504.662204 294720 8 7 
1572382504.673671 294730 8 7 
1572382504.686235 294740 9 7 
1572382504.691342 294750 8 8 
1572382504.703998 294760 9 7 
1572382504.715430 294770 9 7 
1572382504.721775 294780 9 8 
1572382504.734448 294790 10 9 
1572382504.745888 294800 9 9 
1572382504.752102 294810 8 9 
1572382504.763484 294820 9 10 
1572382504.776179 294830 9 9 
1572382504.782588 294840 8 10 
1572382504.794004 294850 9 10 
1572382504.806559 294860 9 10 
1572382504.811665 294870 10 10 
1572382504.824404 294880 9 9 
1572382504.835656 294890 10 10 
1572382504.842142 294900 10 10 
1572382504.853600 294910 11 10 
1572382504.866182 294920 10 10 
1572382504.872540 294930 11 11 
1572382504.883915 294940 11 10 
1572382504.901480 294950 11 10 
1572382504.902990 294960 11 11 
1572382504.914423 294970 12 11 
1572382504.925841 294980 11 11 
1572382504.932159 294990 11 11 
1572382504.943534 295000 12 12 
1572382504.956180 295010 11 12 
1572382504.962500 295020 12 12 
1572382504.973965 295030 11 12 
1572382504.986510 295040 12 12 
1572382504.991651 295050 12 12 
1572382505.004291 295060 13 12 
1572382505.015680 295070 14 13 
1572382505.021998 295080 13 12 
1572382505.034662 295090 14 12 
1572382505.047652 295100 14 13 
1572382505.052542 295110 14 13 
1572382505.069677 295120 14 13 
1572382505.076774 295130 14 14 
1572382505.081646 295140 14 14 
1572382505.094266 295150 14 13 
1572382505.105698 295160 14 15 
1572382505.112024 295170 14 14 
1572382505.124695 295180 14 15 
1572382505.136064 295190 15 16 
1572382505.142364 295200 15 15 
1572382505.153967 295210 14 16 
1572382505.166412 295220 15 16 
1572382505.171509 295230 15 16 
1572382505.184154 295240 15 16 
1572382505.195537 295250 16 17 
1572382505.201913 295260 16 17 
1572382505.214515 295270 17 17 
1572382505.225908 295280 16 17 
1572382505.238140 295290 17 17 
1572382505.243732 295300 18 18 
1572382505.256412 295310 18 17 
1572382505.261524 295320 18 18 
1572382505.274144 295330 18 19 
1572382505.285848 295340 19 18 
1572382505.291957 295350 19 19 
1572382505.304566 295360 18 19 
1572382505.315911 295370 19 19 
1572382505.322247 295380 20 19 
1572382505.333710 295390 19 20 
1572382505.346281 295400 20 19 
1572382505.352648 295410 19 20 
1572382505.364038 295420 20 20 
1572382505.376719 295430 19 20 
1572382505.381773 295440 21 21 
1572382505.394384 295450 20 20 
1572382505.411653 295460 21 21 
1572382505.413203 295470 21 21 
1572382505.423659 295480 21 21 
1572382505.436270 295490 21 20 
1572382505.442635 295500 21 21 
1572382505.454016 295510 22 21 
1572382505.466667 295520 21 21 
1572382505.471726 295530 21 21 
1572382505.484391 295540 21 21 
1572382505.495776 295550 21 21 
1572382505.502139 295560 21 21 
1572382505.513543 295570 22 21 
1572382505.526154 295580 21 21 
1572382505.532567 295590 21 21 
1572382505.543887 295600 22 21 
1572382505.556559 295610 22 21 
1572382505.561653 295620 21 21 
1572382505.579977 295630 22 21 
1572382505.585765 295640 21 21 
1572382505.592192 295650 22 21 
1572382505.603557 295660 21 21 
1572382505.616157 295670 21 21 
1572382505.622484 295680 21 21 
1572382505.633932 295690 21 21 
1572382505.646556 295700 20 20 
1572382505.651610 295710 20 21 
1572382505.664279 295720 21 21 
1572382505.675622 295730 20 21 
1572382505.682046 295740 20 20 
1572382505.694654 295750 20 21 
1572382505.706013 295760 20 20 
1572382505.712363 295770 20 20 
1572382505.723782 295780 21 20 
1572382505.736404 295790 19 20 
1572382505.747196 295800 20 20 
1572382505.754243 295810 19 20 
1572382505.765681 295820 20 19 
1572382505.772006 295830 20 20 
1572382505.784806 295840 19 19 
1572382505.796097 295850 20 20 
1572382505.802379 295860 19 19 
1572382505.813835 295870 20 19 
1572382505.826401 295880 19 20 
1572382505.831473 295890 20 19 
1572382505.844179 295900 19 19 
1572382505.855544 295910 20 19 
1572382505.861900 295920 19 19 
1572382505.874541 295930 19 19 
1572382505.885898 295940 19 20 
1572382505.892240 295950 20 19 
1572382505.903644 295960 19 20 
1572382505.921940 295970 20 19 
1572382505.923439 295980 19 19 
1572382505.934137 295990 20 20 
1572382505.945640 296000 19 20 
1572382505.951906 296010 20 20 
1572382505.964589 296020 19 19 
1572382505.975912 296030 19 20 
1572382505.982234 296040 19 19 
1572382505.993709 296050 20 20 
1572382506.006290 296060 19 20 
1572382506.012662 296070 19 20 
1572382506.024057 296080 19 20 
1572382506.036714 296090 19 20 
1572382506.041782 296100 19 19 
1572382506.054374 296110 18 19 
1572382506.065875 296120 18 19 
1572382506.072140 296130 19 20 
1572382506.089060 296140 18 19 
1572382506.096317 296150 18 19 
1572382506.102619 296160 18 18 
1572382506.114030 296170 18 19 
1572382506.126653 296180 18 18 
1572382506.131753 296190 17 19 
1572382506.146138 296200 18 17 
1572382506.155887 296210 18 18 
1572382506.162141 296220 18 18 
1572382506.173520 296230 18 17 
1572382506.186158 296240 18 17 
1572382506.192523 296250 18 17 
1572382506.203905 296260 19 17 
1572382506.216590 296270 18 17 
1572382506.221641 296280 18 17 
1572382506.234286 296290 18 17 
1572382506.245686 296300 18 17 
1572382506.257459 296310 18 17 
1572382506.263519 296320 18 17 
1572382506.276242 296330 18 17 
1572382506.282797 296340 17 17 
1572382506.294012 296350 17 17 
1572382506.306548 296360 17 17 
1572382506.311754 296370 18 17 
1572382506.324279 296380 17 17 
1572382506.335620 296390 17 16 
1572382506.341981 296400 17 17 
1572382506.354595 296410 17 17 
1572382506.366022 296420 17 17 
1572382506.372337 296430 17 17 
1572382506.383754 296440 18 17 
1572382506.396372 296450 18 17 
1572382506.401548 296460 17 18 
1572382506.414104 296470 18 17 
1572382506.430996 296480 18 18 
1572382506.432521 296490 18 17 
1572382506.444675 296500 18 18 
1572382506.455998 296510 18 17 
1572382506.462359 296520 18 18 
1572382506.473776 296530 18 18 
1572382506.486394 296540 18 17 
1572382506.491451 296550 18 18 
1572382506.504123 296560 18 19 
1572382506.515479 296570 18 18 
1572382506.521909 296580 18 18 
1572382506.534477 296590 19 18 
1572382506.546091 296600 18 18 
1572382506.552229 296610 19 19 
1572382506.563614 296620 19 18 
1572382506.576268 296630 19 19 
1572382506.582608 296640 19 19 
1572382506.593981 296650 19 19 
1572382506.606625 296660 20 19 
1572382506.611708 296670 19 19 
1572382506.624374 296680 20 20 
1572382506.635751 296690 20 20 
1572382506.642078 296700 19 20 
1572382506.653555 296710 20 20 
1572382506.666127 296720 20 20 
1572382506.672561 296730 21 20 
1572382506.683874 296740 21 21 
1572382506.696574 296750 22 22 
1572382506.701629 296760 21 21 
1572382506.714262 296770 21 22 
1572382506.725661 296780 21 22 
1572382506.732005 296790 22 22 
1572382506.744668 296800 22 23 
1572382506.756040 296810 23 23 
1572382506.762426 296820 22 22 
1572382506.780092 296830 22 23 
1572382506.786577 296840 23 23 
1572382506.791642 296850 22 23 
1572382506.804258 296860 23 23 
1572382506.815663 296870 22 23 
1572382506.821957 296880 22 23 
1572382506.834651 296890 23 23 
1572382506.845994 296900 22 22 
1572382506.852578 296910 22 23 
1572382506.863759 296920 22 23 
1572382506.876363 296930 22 22 
1572382506.881555 296940 23 23 
1572382506.894170 296950 22 23 
1572382506.905539 296960 23 23 
1572382506.912029 296970 22 23 
1572382506.924501 296980 22 23 
1572382506.935906 296990 22 23 
1572382506.948502 297000 23 23 
1572382506.953774 297010 22 23 
1572382506.966342 297020 23 24 
1572382506.971432 297030 22 23 
1572382506.984119 297040 22 23 
1572382506.995474 297050 22 23 
1572382507.001878 297060 22 23 
1572382507.014491 297070 22 23 
1572382507.025883 297080 21 22 
1572382507.032396 297090 22 23 
1572382507.043800 297100 22 22 
1572382507.056390 297110 22 22 
1572382507.062719 297120 21 21 
1572382507.074091 297130 21 22 
1572382507.086676 297140 22 21 
1572382507.091756 297150 21 20 
1572382507.104489 297160 21 21 
1572382507.122058 297170 21 20 
1572382507.123548 297180 21 21 
1572382507.133683 297190 22 20 
1572382507.146256 297200 21 21 
1572382507.152622 297210 21 20 
1572382507.164006 297220 20 20 
1572382507.176882 297230 21 20 
1572382507.181894 297240 20 20 
1572382507.194400 297250 20 21 
1572382507.205843 297260 21 20 
1572382507.212113 297270 20 20 
1572382507.223533 297280 19 20 
1572382507.236139 297290 20 20 
1572382507.244127 297300 20 19 
1572382507.254055 297310 20 20 
1572382507.266496 297320 19 19 
1572382507.271678 297330 20 20 
1572382507.290461 297340 19 19 
1572382507.295792 297350 19 19 
1572382507.302150 297360 20 19 
1572382507.313546 297370 19 19 
1572382507.326170 297380 18 18 
1572382507.332541 297390 18 18 
1572382507.343872 297400 18 19 
1572382507.356546 297410 17 18 
1572382507.361624 297420 17 18 
1572382507.374353 297430 16 19 
1572382507.385746 297440 17 18 
1572382507.391989 297450 17 18 
1572382507.404666 297460 17 17 
1572382507.416005 297470 17 18 
1572382507.422357 297480 16 17 
1572382507.433812 297490 16 17 
1572382507.446366 297500 17 16 
1572382507.457539 297510 16 16 
1572382507.464228 297520 16 17 
1572382507.475614 297530 16 17 
1572382507.481987 297540 16 16 
1572382507.494613 297550 16 17 
1572382507.506009 297560 16 18 
1572382507.512362 297570 16 17 
1572382507.523762 297580 16 17 
1572382507.536379 297590 17 17 
1572382507.541523 297600 16 17 
1572382507.554311 297610 17 17 
1572382507.565558 297620 17 17 
1572382507.571875 297630 17 17 
1572382507.584524 297640 17 17 
1572382507.595909 297650 17 16 
1572382507.602226 297660 18 17 
1572382507.613677 297670 17 17 
1572382507.632313 297680 18 17 
1572382507.633868 297690 18 17 
1572382507.644161 297700 18 17 
1572382507.655548 297710 18 17 
1572382507.661898 297720 18 18 
1572382507.674512 297730 17 17 
1572382507.685904 297740 18 18 
1572382507.692266 297750 18 18 
1572382507.703599 297760 17 18 
1572382507.716294 297770 18 18 
1572382507.722603 297780 17 18 
1572382507.733999 297790 18 19 
1572382507.746617 297800 17 18 
1572382507.751785 297810 18 19 
1572382507.764388 297820 18 19 
1572382507.775776 297830 18 18 
1572382507.782191 297840 17 19 
1572382507.799391 297850 18 18 
1572382507.806250 297860 18 18 
1572382507.812636 297870 18 19 
1572382507.823997 297880 18 18 
1572382507.836698 297890 17 18 
1572382507.841773 297900 17 18 
1572382507.854385 297910 16 17 
1572382507.865808 297920 16 18 
1572382507.872124 297930 16 17 
1572382507.883484 297940 16 17 
1572382507.896166 297950 17 17 
1572382507.902472 297960 16 16 
1572382507.913974 297970 17 16 
1572382507.926472 297980 17 16 
1572382507.931636 297990 17 16 
1572382507.944224 298000 18 16 
1572382507.955643 298010 18 17 
1572382507.967755 298020 18 17 
1572382507.973530 298030 19 17 
1572382507.986152 298040 17 16 
1572382507.992524 298050 16 16 
1572382508.003920 298060 16 16 
1572382508.016571 298070 15 16 
1572382508.021664 298080 15 15 
1572382508.034255 298090 15 15 
1572382508.045681 298100 14 16 
1572382508.051986 298110 14 15 
1572382508.064666 298120 14 15 
1572382508.076033 298130 15 15 
1572382508.082430 298140 13 16 
1572382508.093837 298150 15 15 
1572382508.106396 298160 14 15 
1572382508.111477 298170 14 15 
1572382508.124133 298180 15 15 
1572382508.141334 298190 15 15 
1572382508.142897 298200 15 15 
1572382508.154660 298210 15 15 
1572382508.166006 298220 16 14 
1572382508.172381 298230 16 15 
1572382508.183782 298240 17 15 
1572382508.196483 298250 16 15 
1572382508.201529 298260 17 14 
1572382508.214188 298270 16 16 
1572382508.225756 298280 17 15 
1572382508.231885 298290 16 16 
1572382508.244578 298300 17 16 
1572382508.255919 298310 16 16 
1572382508.262232 298320 16 16 
1572382508.273701 298330 15 17 
1572382508.286532 298340 16 16 
1572382508.292737 298350 15 16 
1572382508.309687 298360 15 17 
1572382508.315495 298370 14 16 
1572382508.321942 298380 14 16 
1572382508.334535 298390 14 15 
1572382508.349572 298400 14 16 
1572382508.352496 298410 14 15 
1572382508.363621 298420 14 15 
1572382508.376224 298430 14 15 
1572382508.382601 298440 14 15 
1572382508.394050 298450 14 15 
1572382508.406644 298460 13 14 
1572382508.411717 298470 13 13 
1572382508.424327 298480 14 13 
1572382508.435786 298490 13 13 
1572382508.442100 298500 13 14 
1572382508.453552 298510 14 13 
1572382508.466145 298520 14 13 
1572382508.476835 298530 13 14 
1572382508.484009 298540 14 14 
1572382508.496708 298550 13 13 
1572382508.501771 298560 14 14 
1572382508.514400 298570 13 13 
1572382508.525775 298580 13 14 
1572382508.532141 298590 13 13 
1572382508.543463 298600 12 14 
1572382508.556134 298610 13 13 
1572382508.562519 298620 13 14 
1572382508.573927 298630 13 14 
1572382508.586514 298640 12 13 
1572382508.591594 298650 14 14 
1572382508.604249 298660 13 13 
1572382508.615640 298670 13 13 
1572382508.622005 298680 14 13 
1572382508.634594 298690 13 14 
1572382508.651639 298700 12 13 
1572382508.653215 298710 13 12 
1572382508.663887 298720 12 13 
1572382508.676515 298730 11 13 
1572382508.681677 298740 13 13 
1572382508.694278 298750 12 13 
1572382508.705724 298760 12 13 
1572382508.711987 298770 12 13 
1572382508.724689 298780 12 13 
1572382508.736034 298790 11 12 
1572382508.742391 298800 12 13 
1572382508.753823 298810 11 13 
1572382508.766424 298820 11 12 
1572382508.771480 298830 12 13 
1572382508.784252 298840 12 12 
1572382508.795715 298850 13 12 
1572382508.801904 298860 12 12 
1572382508.818731 298870 13 12 
1572382508.825982 298880 13 11 
1572382508.832420 298890 13 12 
1572382508.843798 298900 13 11 
1572382508.856389 298910 13 12 
1572382508.861527 298920 13 12 
1572382508.874173 298930 13 12 
1572382508.885602 298940 13 13 
1572382508.891864 298950 13 13 
1572382508.904617 298960 12 13 
1572382508.915912 298970 12 13 
1572382508.922281 298980 13 14 
1572382508.933711 298990 12 13 
1572382508.946300 299000 13 14 
1572382508.952656 299010 13 13 
1572382508.964044 299020 13 14 
1572382508.976699 299030 13 13 
1572382508.987159 299040 14 14 
1572382508.994494 299050 14 13 
1572382509.005957 299060 14 14 
1572382509.012271 299070 15 14 
1572382509.023656 299080 15 15 
1572382509.036286 299090 16 14 
1572382509.042610 299100 15 15 
1572382509.054050 299110 16 15 
1572382509.066652 299120 16 15 
1572382509.071739 299130 16 15 
1572382509.084395 299140 16 16 
1572382509.095779 299150 16 16 
1572382509.102107 299160 16 16 
1572382509.113580 299170 16 17 
1572382509.126150 299180 16 17 
1572382509.132583 299190 16 17 
1572382509.143933 299200 16 17 
1572382509.156573 299210 16 16 
1572382509.161640 299220 16 17 
1572382509.174300 299230 16 16 
1572382509.185711 299240 16 16 
1572382509.191993 299250 17 17 
1572382509.204701 299260 16 16 
1572382509.216050 299270 17 16 
1572382509.222383 299280 16 16 
1572382509.233839 299290 17 16 
1572382509.246408 299300 15 16 
1572382509.251505 299310 16 16 
1572382509.264173 299320 15 16 
1572382509.275555 299330 15 16 
1572382509.282336 299340 15 15 
1572382509.294590 299350 14 16 
1572382509.306006 299360 15 15 
1572382509.312240 299370 14 15 
1572382509.323637 299380 13 14 
1572382509.342652 299390 14 14 
1572382509.344126 299400 13 14 
1572382509.354166 299410 14 14 
1572382509.365547 299420 14 14 
1572382509.372039 299430 14 13 
1572382509.384569 299440 13 13 
1572382509.396013 299450 14 13 
1572382509.401462 299460 13 13 
1572382509.413742 299470 12 13 
1572382509.426279 299480 13 13 
1572382509.432647 299490 12 13 
1572382509.444042 299500 13 13 
1572382509.458363 299510 13 13 
1572382509.461878 299520 13 13 
1572382509.474377 299530 13 13 
1572382509.485792 299540 14 13 
1572382509.492072 299550 14 13 
1572382509.509724 299560 14 13 
1572382509.516222 299570 14 14 
1572382509.522557 299580 14 13 
1572382509.533954 299590 15 14 
1572382509.546586 299600 15 14 
1572382509.551676 299610 15 15 
1572382509.564334 299620 15 15 
1572382509.575715 299630 15 15 
1572382509.582060 299640 16 15 
1572382509.593612 299650 15 16 
1572382509.606140 299660 16 17 
1572382509.612521 299670 15 16 
1572382509.623872 299680 16 17 
1572382509.636551 299690 16 17 
1572382509.641672 299700 16 18 
1572382509.654252 299710 16 18 
1572382509.665703 299720 17 18 
1572382509.678171 299730 17 19 
1572382509.683447 299740 17 19 
1572382509.696093 299750 18 19 
1572382509.702470 299760 19 19 
1572382509.713884 299770 19 19 
1572382509.726520 299780 19 20 
1572382509.731575 299790 20 20 
1572382509.744228 299800 21 19 
1572382509.755599 299810 21 20 
1572382509.761934 299820 21 20 
1572382509.774652 299830 21 20 
1572382509.786137 299840 21 20 
1572382509.792357 299850 22 21 
1572382509.803761 299860 22 21 
1572382509.816375 299870 21 21 
1572382509.821514 299880 22 22 
1572382509.834141 299890 22 22 
1572382509.851692 299900 21 23 
1572382509.853241 299910 23 23 
1572382509.864677 299920 22 23 
1572382509.875998 299930 22 24 
1572382509.882332 299940 23 23 
1572382509.893803 299950 22 24 
1572382509.906413 299960 23 24 
1572382509.911525 299970 23 24 
1572382509.924131 299980 23 24 
1572382509.935529 299990 23 24 
1572382509.941889 300000 23 25 
1572382509.954564 300010 23 24 
1572382509.965973 300020 24 24 
1572382509.972206 300030 23 24 
1572382509.983597 300040 24 24 
1572382509.996279 300050 23 25 
1572382510.002606 300060 24 24 
1572382510.020028 300070 23 24 
1572382510.025513 300080 23 24 
1572382510.032045 300090 22 24 
1572382510.044544 300100 23 24 
1572382510.055911 300110 22 24 
1572382510.062238 300120 22 23 
1572382510.073672 300130 23 24 
1572382510.086222 300140 23 23 
1572382510.092647 300150 23 23 
1572382510.104030 300160 23 23 
1572382510.116668 300170 23 23 
1572382510.121748 300180 22 22 
1572382510.134393 300190 23 23 
1572382510.145795 300200 23 22 
1572382510.152086 300210 23 23 
1572382510.163463 300220 23 22 
1572382510.176116 300230 23 23 
1572382510.187129 300240 23 23 
1572382510.193990 300250 24 23 
1572382510.206578 300260 23 23 
1572382510.211731 300270 23 23 
1572382510.224352 300280 22 23 
1572382510.235777 300290 22 23 
1572382510.242109 300300 23 23 
1572382510.253576 300310 21 23 
1572382510.266123 300320 22 23 
1572382510.272492 300330 20 22 
1572382510.284265 300340 21 23 
1572382510.296660 300350 21 22 
1572382510.301684 300360 21 22 
1572382510.314287 300370 20 21 
1572382510.325709 300380 21 21 
1572382510.332023 300390 20 21 
1572382510.344727 300400 20 21 
1572382510.362002 300410 20 21 
1572382510.363508 300420 19 20 
1572382510.373907 300430 19 20 
1572382510.386560 300440 18 19 
1572382510.391641 300450 18 19 
1572382510.404266 300460 17 19 
1572382510.415680 300470 18 18 
1572382510.421989 300480 17 18 
1572382510.434587 300490 17 18 
1572382510.446058 300500 17 17 
1572382510.452371 300510 17 17 
1572382510.463772 300520 17 16 
1572382510.476413 300530 17 17 
1572382510.481523 300540 17 15 
1572382510.494148 300550 17 16 
1572382510.505625 300560 16 16 
1572382510.511885 300570 17 15 
1572382510.529109 300580 16 16 
1572382510.536016 300590 17 15 
1572382510.542436 300600 17 16 
1572382510.553830 300610 16 16 
1572382510.568096 300620 17 16 
1572382510.571576 300630 15 16 
1572382510.584145 300640 16 16 
1572382510.595484 300650 16 17 
1572382510.601920 300660 16 16 
1572382510.614510 300670 16 17 
1572382510.625926 300680 16 17 
1572382510.632266 300690 16 16 
1572382510.643652 300700 16 16 
1572382510.656257 300710 16 17 
1572382510.662601 300720 17 16 
1572382510.673997 300730 17 16 
1572382510.686599 300740 17 16 
1572382510.697421 300750 17 16 
1572382510.704572 300760 17 16 
1572382510.715877 300770 18 16 
1572382510.722269 300780 17 16 
1572382510.733740 300790 18 17 
1572382510.746246 300800 18 16 
1572382510.752655 300810 18 17 
1572382510.764029 300820 18 16 
1572382510.776711 300830 18 17 
1572382510.781774 300840 17 16 
1572382510.794488 300850 18 17 
1572382510.805804 300860 17 17 
1572382510.812136 300870 17 16 
1572382510.823478 300880 17 16 
1572382510.836162 300890 17 16 
1572382510.842473 300900 16 15 
1572382510.853932 300910 16 16 
1572382510.871014 300920 16 15 
1572382510.872554 300930 15 15 
1572382510.884566 300940 15 15 
1572382510.895803 300950 15 15 
1572382510.902117 300960 14 15 
1572382510.913561 300970 13 14 
1572382510.926151 300980 14 15 
1572382510.932536 300990 13 14 
1572382510.943891 301000 13 15 
1572382510.956551 301010 13 14 
1572382510.961658 301020 14 14 
1572382510.974237 301030 13 13 
1572382510.985693 301040 13 14 
1572382510.992093 301050 14 13 
1572382511.004683 301060 13 13 
1572382511.016055 301070 14 12 
1572382511.022370 301080 13 12 
1572382511.039328 301090 14 13 
1572382511.046482 301100 14 12 
1572382511.051592 301110 13 12 
1572382511.064276 301120 13 11 
1572382511.075641 301130 13 12 
1572382511.082008 301140 13 12 
1572382511.094682 301150 13 12 
1572382511.106035 301160 12 11 
1572382511.112366 301170 12 11 
1572382511.123769 301180 12 12 
1572382511.136407 301190 12 11 
1572382511.141520 301200 11 12 
1572382511.154150 301210 11 11 
1572382511.165607 301220 11 11 
1572382511.171850 301230 11 12 
1572382511.184571 301240 10 10 
1572382511.195887 301250 11 11 
1572382511.207761 301260 11 10 
1572382511.213785 301270 10 11 
1572382511.226445 301280 11 10 
1572382511.231482 301290 11 10 
1572382511.244124 301300 11 10 
1572382511.255550 301310 10 10 
1572382511.261901 301320 11 10 
1572382511.274709 301330 11 10 
1572382511.286180 301340 10 11 
1572382511.292308 301350 11 10 
1572382511.303680 301360 9 11 
1572382511.316210 301370 10 11 
1572382511.322629 301380 9 10 
1572382511.333924 301390 9 11 
1572382511.346519 301400 8 10 
1572382511.351654 301410 9 11 
1572382511.364337 301420 9 10 
1572382511.375669 301430 9 10 
1572382511.388116 301440 10 11 
1572382511.393713 301450 9 10 
1572382511.406202 301460 10 11 
1572382511.412643 301470 11 10 
1572382511.424025 301480 10 11 
1572382511.436703 301490 11 10 
1572382511.441847 301500 10 11 
1572382511.454392 301510 11 11 
1572382511.465834 301520 11 10 
1572382511.472113 301530 11 11 
1572382511.483514 301540 12 11 
1572382511.496135 301550 11 11 
1572382511.502499 301560 13 11 
1572382511.513897 301570 12 11 
1572382511.526514 301580 13 11 
1572382511.531579 301590 13 12 
1572382511.544243 301600 12 12 
1572382511.561616 301610 13 13 
1572382511.563195 301620 13 13 
1572382511.573608 301630 14 13 
1572382511.586137 301640 13 14 
1572382511.592572 301650 14 14 
1572382511.603913 301660 14 14 
1572382511.616540 301670 15 14 
1572382511.621663 301680 15 15 
1572382511.634313 301690 15 14 
1572382511.645728 301700 16 15 
1572382511.652001 301710 16 16 
1572382511.666330 301720 17 15 
1572382511.676152 301730 17 16 
1572382511.682342 301740 17 16 
1572382511.693814 301750 17 16 
1572382511.706385 301760 18 17 
1572382511.711476 301770 17 16 
1572382511.729891 301780 17 17 
1572382511.735629 301790 18 17 
1572382511.741948 301800 17 18 
1572382511.754657 301810 17 18 
1572382511.765976 301820 17 18 
1572382511.772384 301830 17 19 
1572382511.783751 301840 17 18 
1572382511.796553 301850 17 19 
1572382511.801548 301860 17 19 
1572382511.814140 301870 18 19 
1572382511.825552 301880 18 19 
1572382511.831878 301890 18 20 
1572382511.844511 301900 19 19 
1572382511.855921 301910 19 19 
1572382511.862258 301920 19 20 
1572382511.873689 301930 19 20 
1572382511.886275 301940 19 20 
1572382511.897134 301950 20 20 
1572382511.904136 301960 20 20 
1572382511.915548 301970 20 21 
1572382511.921909 301980 20 20 
1572382511.934524 301990 20 21 
1572382511.945975 302000 21 21 
1572382511.952260 302010 21 21 
1572382511.963633 302020 21 21 
1572382511.976261 302030 22 22 
1572382511.982676 302040 21 21 
1572382511.994042 302050 21 21 
1572382512.006630 302060 21 22 
1572382512.011749 302070 21 21 
1572382512.024387 302080 22 21 
1572382512.035779 302090 21 22 
1572382512.042168 302100 22 22 
1572382512.053610 302110 22 21 
1572382512.071889 302120 22 22 
1572382512.073445 302130 22 22 
1572382512.084024 302140 23 22 
1572382512.096690 302150 23 22 
1572382512.101811 302160 22 22 
1572382512.114370 302170 24 23 
1572382512.125784 302180 23 22 
1572382512.132138 302190 23 23 
1572382512.143543 302200 24 22 
1572382512.156152 302210 23 23 
1572382512.162625 302220 24 23 
1572382512.174127 302230 23 23 
1572382512.186587 302240 23 23 
1572382512.191614 302250 24 24 
1572382512.204268 302260 23 23 
1572382512.215629 302270 23 24 
1572382512.222008 302280 24 23 
1572382512.238953 302290 23 24 
1572382512.246149 302300 24 23 
1572382512.252517 302310 24 24 
1572382512.263929 302320 24 23 
1572382512.276557 302330 23 23 
1572382512.281967 302340 24 24 
1572382512.294482 302350 24 24 
1572382512.305762 302360 23 23 
1572382512.312008 302370 23 24 
1572382512.324705 302380 23 23 
1572382512.336021 302390 24 24 
1572382512.342375 302400 23 23 
1572382512.353802 302410 23 23 
1572382512.366396 302420 23 24 
1572382512.371471 302430 22 23 
1572382512.384137 302440 23 23 
1572382512.395539 302450 24 23 
1572382512.407422 302460 23 23 
1572382512.414758 302470 24 24 
1572382512.426010 302480 23 22 
1572382512.432366 302490 24 23 
1572382512.443813 302500 24 23 
1572382512.456401 302510 23 23 
1572382512.461691 302520 24 23 
1572382512.474169 302530 24 23 
1572382512.485578 302540 24 23 
1572382512.491874 302550 23 23 
1572382512.504561 302560 24 23 
1572382512.515908 302570 23 23 
1572382512.522410 302580 23 23 
1572382512.533693 302590 23 22 
1572382512.546260 302600 23 23 
1572382512.552688 302610 22 22 
1572382512.564041 302620 22 22 
1572382512.580987 302630 22 23 
1572382512.582461 302640 21 22 
1572382512.594516 302650 21 22 
1572382512.605925 302660 20 22 
1572382512.612227 302670 20 22 
1572382512.623677 302680 20 21 
1572382512.636288 302690 20 21 
1572382512.642638 302700 20 21 
1572382512.654014 302710 19 20 
1572382512.666649 302720 19 19 
1572382512.671819 302730 18 19 
1572382512.684482 302740 19 19 
1572382512.695792 302750 19 18 
1572382512.702099 302760 19 19 
1572382512.713548 302770 18 18 
1572382512.726180 302780 18 18 
1572382512.732551 302790 17 18 
1572382512.749250 302800 18 18 
1572382512.756689 302810 17 18 
1572382512.761768 302820 17 18 
1572382512.776024 302830 16 17 
1572382512.785980 302840 17 18 
1572382512.792366 302850 16 17 
1572382512.803539 302860 17 18 
1572382512.816134 302870 17 17 
1572382512.822446 302880 17 17 
1572382512.833907 302890 17 17 
1572382512.846505 302900 18 16 
1572382512.851580 302910 18 17 
1572382512.864257 302920 17 17 
1572382512.875649 302930 18 17 
1572382512.882125 302940 18 16 
1572382512.894618 302950 18 17 
1572382512.906018 302960 17 17 
1572382512.912558 302970 17 17 
1572382512.923758 302980 17 17 
1572382512.936598 302990 17 18 
1572382512.941535 303000 17 17 
1572382512.954118 303010 16 18 
1572382512.965584 303020 17 17 
1572382512.971841 303030 17 18 
1572382512.984527 303040 16 17 
1572382512.996042 303050 17 18 
1572382513.002236 303060 17 17 
1572382513.013673 303070 18 18 
1572382513.026287 303080 17 17 
1572382513.032654 303090 17 18 
1572382513.044031 303100 18 17 
1572382513.056691 303110 17 18 
1572382513.061929 303120 18 17 
1572382513.074388 303130 17 17 
1572382513.085838 303140 17 18 
1572382513.098420 303150 17 17 
1572382513.103619 303160 17 17 
1572382513.116348 303170 16 17 
1572382513.122632 303180 17 17 
1572382513.133991 303190 16 17 
1572382513.146624 303200 16 17 
1572382513.151744 303210 17 17 
1572382513.164360 303220 16 17 
1572382513.175763 303230 16 16 
1572382513.182126 303240 15 16 
1572382513.193550 303250 16 17 
1572382513.206126 303260 16 16 
1572382513.212744 303270 16 16 
1572382513.224004 303280 15 15 
1572382513.236581 303290 16 16 
1572382513.241672 303300 16 15 
1572382513.254302 303310 15 15 
1572382513.271979 303320 16 15 
1572382513.273545 303330 16 15 
1572382513.283762 303340 16 14 
1572382513.296361 303350 15 15 
1572382513.302697 303360 16 14 
1572382513.313980 303370 14 15 
1572382513.326496 303380 15 14 
1572382513.331610 303390 14 14 
1572382513.344229 303400 13 14 
1572382513.355681 303410 13 14 
1572382513.362011 303420 12 14 
1572382513.374687 303430 12 13 
1572382513.386003 303440 12 13 
1572382513.392375 303450 12 13 
1572382513.403893 303460 12 13 
1572382513.416404 303470 13 14 
1572382513.421513 303480 12 13 
1572382513.440255 303490 13 13 
1572382513.445838 303500 13 12 
1572382513.451975 303510 13 13 
1572382513.464669 303520 13 13 
1572382513.475993 303530 14 13 
1572382513.482339 303540 14 13 
1572382513.493810 303550 14 13 
1572382513.506388 303560 14 14 
1572382513.511479 303570 14 14 
1572382513.524154 303580 13 14 
1572382513.535517 303590 14 15 
1572382513.541938 303600 13 14 
1572382513.554510 303610 13 15 
1572382513.565905 303620 13 15 
1572382513.572321 303630 14 15 
1572382513.583678 303640 13 15 
1572382513.596279 303650 14 15 
1572382513.607433 303660 14 16 
1572382513.614108 303670 14 15 
1572382513.625542 303680 15 15 
1572382513.632039 303690 14 15 
1572382513.644571 303700 15 15 
1572382513.655868 303710 15 15 
1572382513.662209 303720 15 15 
1572382513.673805 303730 15 15 
1572382513.686231 303740 16 15 
1572382513.692638 303750 16 15 
1572382513.704010 303760 16 16 
1572382513.716693 303770 16 15 
1572382513.721762 303780 16 15 
1572382513.734344 303790 17 16 
1572382513.745759 303800 16 16 
1572382513.752086 303810 15 16 
1572382513.763608 303820 16 16 
1572382513.782225 303830 14 16 
1572382513.783693 303840 15 16 
1572382513.794283 303850 14 16 
1572382513.806637 303860 15 16 
1572382513.811729 303870 14 16 
1572382513.824374 303880 16 16 
1572382513.835733 303890 16 16 
1572382513.842111 303900 16 16 
1572382513.853560 303910 16 15 
1572382513.866168 303920 16 16 
1572382513.872516 303930 16 15 
1572382513.885580 303940 16 16 
1572382513.896629 303950 16 15 
1572382513.901665 303960 16 15 
1572382513.914292 303970 16 16 
1572382513.925676 303980 15 16 
1572382513.931950 303990 16 16 
1572382513.949332 304000 16 15 
1572382513.956107 304010 15 15 
1572382513.962426 304020 16 16 
1572382513.973894 304030 15 16 
1572382513.986475 304040 15 16 
1572382513.991550 304050 15 15 
1572382514.004197 304060 16 16 
1572382514.015610 304070 15 16 
1572382514.021975 304080 15 16 
1572382514.034587 304090 15 15 
1572382514.045994 304100 16 16 
1572382514.052470 304110 14 16 
1572382514.063790 304120 14 16 
1572382514.076393 304130 15 16 
1572382514.081482 304140 15 16 
1572382514.094084 304150 15 16 
1572382514.105669 304160 15 15 
1572382514.117750 304170 15 16 
1572382514.124617 304180 15 16 
1572382514.135984 304190 15 15 
1572382514.142307 304200 15 16 
1572382514.153755 304210 15 15 
1572382514.166347 304220 15 15 
1572382514.171422 304230 15 14 
1572382514.184152 304240 15 15 
1572382514.195478 304250 15 14 
1572382514.201862 304260 14 15 
1572382514.214432 304270 15 14 
1572382514.225909 304280 14 15 
1572382514.232380 304290 14 14 
1572382514.243644 304300 15 14 
1572382514.256377 304310 14 15 
1572382514.262754 304320 14 14 
1572382514.274058 304330 14 14 
1572382514.291598 304340 14 14 
1572382514.297378 304350 14 14 
1572382514.304768 304360 14 14 
1572382514.316039 304370 14 14 
1572382514.322389 304380 15 14 
1572382514.333824 304390 14 15 
1572382514.346413 304400 14 14 
1572382514.356900 304410 15 15 
1572382514.364300 304420 14 14 
1572382514.375686 304430 15 15 
1572382514.387368 304440 14 15 
1572382514.393557 304450 15 14 
1572382514.406156 304460 14 15 
1572382514.416635 304470 14 16 
1572382514.424022 304480 15 15 
1572382514.436723 304490 15 16 
1572382514.447132 304500 14 16 
1572382514.458962 304510 15 16 
1572382514.466013 304520 14 16 
1572382514.476539 304530 15 16 
1572382514.483897 304540 14 16 
1572382514.496622 304550 15 16 
1572382514.507041 304560 16 16 
1572382514.514400 304570 15 17 
1572382514.525845 304580 16 16 
1572382514.537500 304590 16 16 
1572382514.543636 304600 17 16 
1572382514.556276 304610 16 17 
1572382514.566768 304620 17 16 
1572382514.574149 304630 18 16 
1572382514.585613 304640 17 17 
1572382514.597253 304650 18 16 
1572382514.604700 304660 17 16 
1572382514.616039 304670 18 17 
1572382514.626785 304680 17 16 
1572382514.633960 304690 18 17 
1572382514.646551 304700 18 16 
1572382514.657017 304710 18 17 
1572382514.664387 304720 17 16 
1572382514.675776 304730 17 17 
1572382514.687505 304740 17 17 
1572382514.693700 304750 18 17 
1572382514.706280 304760 17 17 
1572382514.716779 304770 17 17 
1572382514.724149 304780 17 17 
1572382514.735494 304790 17 18 
1572382514.747283 304800 16 17 
1572382514.754610 304810 17 17 
1572382514.766016 304820 16 17 
1572382514.776532 304830 17 17 
1572382514.783938 304840 17 16 
1572382514.801106 304850 17 17 
1572382514.807135 304860 17 16 
1572382514.814534 304870 16 16 
1572382514.825952 304880 17 16 
1572382514.837627 304890 16 16 
1572382514.843755 304900 16 16 
1572382514.856476 304910 16 16 
1572382514.866859 304920 15 16 
1572382514.874281 304930 16 15 
1572382514.885699 304940 16 16 
1572382514.897389 304950 16 15 
1572382514.903510 304960 17 16 
1572382514.916179 304970 16 15 
1572382514.926651 304980 17 15 
1572382514.933983 304990 16 15 
1572382514.946669 305000 15 15 
1572382514.957114 305010 15 15 
1572382514.968822 305020 15 14 
1572382514.976038 305030 15 15 
1572382514.986532 305040 14 14 
1572382514.995631 305050 15 15 
1572382515.006776 305060 15 14 
1572382515.017017 305070 14 15 
1572382515.024355 305080 15 14 
1572382515.035758 305090 14 14 
1572382515.047460 305100 14 15 
1572382515.053671 305110 15 14 
1572382515.066260 305120 14 14 
1572382515.076763 305130 15 14 
1572382515.084136 305140 14 15 
1572382515.095502 305150 14 14 
1572382515.107241 305160 15 15 
1572382515.114616 305170 15 14 
1572382515.126014 305180 15 15 
1572382515.136582 305190 15 15 
1572382515.143863 305200 15 14 
1572382515.156552 305210 16 15 
1572382515.166992 305220 15 14 
1572382515.174369 305230 14 15 
1572382515.185801 305240 15 14 
1572382515.197485 305250 14 14 
1572382515.203620 305260 13 14 
1572382515.216286 305270 14 14 
1572382515.226765 305280 13 14 
1572382515.234111 305290 13 14 
1572382515.245554 305300 13 13 
1572382515.257236 305310 13 14 
1572382515.264638 305320 13 13 
1572382515.276044 305330 14 14 
1572382515.286837 305340 13 13 
1572382515.294215 305350 13 14 
1572382515.310643 305360 14 15 
1572382515.316973 305370 13 14 
1572382515.324497 305380 13 14 
1572382515.335801 305390 13 13 
1572382515.347519 305400 13 14 
1572382515.353681 305410 13 13 
1572382515.366263 305420 13 14 
1572382515.376776 305430 13 13 
1572382515.384140 305440 14 14 
1572382515.395534 305450 14 13 
1572382515.407229 305460 14 13 
1572382515.414589 305470 14 13 
1572382515.426046 305480 14 12 
1572382515.436535 305490 14 13 
1572382515.443891 305500 15 13 
1572382515.456562 305510 14 13 
1572382515.466996 305520 14 14 
1572382515.474354 305530 14 13 
1572382515.485862 305540 14 13 
1572382515.497474 305550 13 14 
1572382515.503605 305560 13 14 
1572382515.516259 305570 13 13 
1572382515.526768 305580 13 14 
1572382515.534118 305590 13 14 
1572382515.545590 305600 13 14 
1572382515.557232 305610 13 14 
1572382515.564725 305620 13 14 
1572382515.576039 305630 13 14 
1572382515.586532 305640 14 13 
1572382515.593934 305650 13 14 
1572382515.606546 305660 14 14 
1572382515.616999 305670 14 14 
1572382515.624348 305680 14 14 
1572382515.635790 305690 14 14 
1572382515.647480 305700 14 14 
1572382515.659928 305710 14 14 
1572382515.666416 305720 14 14 
1572382515.676924 305730 14 14 
1572382515.684250 305740 14 14 
1572382515.695648 305750 13 14 
1572382515.707348 305760 14 15 
1572382515.713599 305770 14 15 
1572382515.726117 305780 13 14 
1572382515.736690 305790 14 15 
1572382515.744014 305800 14 15 
1572382515.756704 305810 14 15 
1572382515.767089 305820 14 15 
1572382515.774522 305830 15 16 
1572382515.785940 305840 14 15 
1572382515.797718 305850 15 15 
1572382515.803779 305860 14 15 
1572382515.816403 305870 15 16 
1572382515.827729 305880 14 15 
1572382515.834303 305890 15 15 
1572382515.845781 305900 14 16 
1572382515.857363 305910 15 16 
1572382515.863485 305920 15 16 
1572382515.876156 305930 15 16 
1572382515.886631 305940 15 15 
1572382515.894001 305950 16 15 
1572382515.906649 305960 16 16 
1572382515.917081 305970 16 16 
1572382515.924574 305980 16 17 
1572382515.935896 305990 17 16 
1572382515.947630 306000 17 17 
1572382515.953805 306010 17 16 
1572382515.966439 306020 17 17 
1572382515.976996 306030 18 17 
1572382515.984236 306040 18 17 
1572382516.001939 306050 17 18 
1572382516.007495 306060 18 17 
1572382516.013718 306070 18 18 
1572382516.026269 306080 18 17 
1572382516.036827 306090 19 18 
1572382516.044139 306100 18 17 
1572382516.055537 306110 18 18 
1572382516.067241 306120 18 18 
1572382516.074683 306130 18 19 
1572382516.086065 306140 18 18 
1572382516.098210 306150 18 18 
1572382516.103987 306160 17 17 
1572382516.116562 306170 18 18 
1572382516.126989 306180 18 18 
1572382516.134365 306190 18 19 
1572382516.145840 306200 18 17 
1572382516.157459 306210 17 18 
1572382516.169715 306220 17 18 
1572382516.176370 306230 17 18 
1572382516.186849 306240 17 18 
1572382516.194297 306250 17 18 
1572382516.205741 306260 17 18 
1572382516.217345 306270 16 18 
1572382516.223485 306280 16 18 
1572382516.236124 306290 16 18 
1572382516.246796 306300 16 18 
1572382516.253993 306310 16 18 
1572382516.266712 306320 16 17 
1572382516.277163 306330 17 18 
1572382516.284555 306340 16 17 
1572382516.296136 306350 16 18 
1572382516.307642 306360 16 17 
1572382516.313841 306370 16 17 
1572382516.326409 306380 16 16 
1572382516.337557 306390 16 17 
1572382516.344271 306400 16 16 
1572382516.355626 306410 16 16 
1572382516.367338 306420 16 16 
1572382516.373570 306430 16 16 
1572382516.386143 306440 16 15 
1572382516.396741 306450 15 16 
1572382516.404038 306460 16 15 
1572382516.416855 306470 15 14 
1572382516.427207 306480 16 15 
1572382516.434491 306490 15 14 
1572382516.445931 306500 16 15 
1572382516.457664 306510 15 14 
1572382516.463760 306520 16 15 
1572382516.476400 306530 16 15 
1572382516.486913 306540 15 15 
1572382516.494245 306550 15 15 
1572382516.511733 306560 15 15 
1572382516.517552 306570 15 15 
1572382516.523665 306580 15 15 
1572382516.536272 306590 14 16 
1572382516.546798 306600 15 15 
1572382516.554114 306610 14 16 
1572382516.565581 306620 13 16 
1572382516.577292 306630 14 15 
1572382516.584692 306640 14 16 
1572382516.596009 306650 14 16 
1572382516.606590 306660 13 16 
1572382516.613921 306670 14 17 
1572382516.626534 306680 14 16 
1572382516.637047 306690 15 16 
1572382516.644487 306700 14 16 
1572382516.655835 306710 15 16 
1572382516.667544 306720 15 16 
1572382516.679543 306730 16 15 
1572382516.686380 306740 16 16 
1572382516.696989 306750 15 15 
1572382516.704260 306760 16 15 
1572382516.715664 306770 16 16 
1572382516.727476 306780 16 15 
1572382516.733549 306790 16 15 
1572382516.746161 306800 16 16 
1572382516.756720 306810 16 15 
1572382516.764031 306820 15 16 
1572382516.776678 306830 16 16 
1572382516.787230 306840 16 16 
1572382516.794615 306850 15 16 
1572382516.805974 306860 15 16 
1572382516.817679 306870 15 17 
1572382516.823765 306880 15 16 
1572382516.836390 306890 15 16 
1572382516.847340 306900 15 17 
1572382516.854254 306910 14 16 
1572382516.865705 306920 14 17 
1572382516.877437 306930 15 16 
1572382516.883483 306940 15 16 
1572382516.896130 306950 15 16 
1572382516.906723 306960 15 16 
1572382516.914045 306970 15 16 
1572382516.926652 306980 14 15 
1572382516.937177 306990 15 16 
1572382516.944613 307000 15 15 
1572382516.955900 307010 15 15 
1572382516.967700 307020 16 14 
1572382516.973812 307030 16 15 
1572382516.986400 307040 16 15 
1572382516.996989 307050 16 14 
1572382517.004280 307060 15 15 
1572382517.021482 307070 15 14 
1572382517.027690 307080 16 14 
1572382517.033775 307090 15 15 
1572382517.046291 307100 16 14 
1572382517.056879 307110 15 14 
1572382517.064159 307120 15 15 
1572382517.075533 307130 15 14 
1572382517.087330 307140 15 15 
1572382517.094615 307150 15 15 
1572382517.106011 307160 15 14 
1572382517.116614 307170 15 15 
1572382517.123888 307180 15 16 
1572382517.136577 307190 15 15 
1572382517.147059 307200 14 15 
1572382517.154388 307210 15 16 
1572382517.165828 307220 15 15 
1572382517.177566 307230 15 16 
1572382517.189273 307240 15 16 
1572382517.196366 307250 15 16 
1572382517.208658 307260 16 17 
1572382517.214337 307270 16 16 
1572382517.225745 307280 16 17 
1572382517.237407 307290 16 17 
1572382517.243473 307300 16 17 
1572382517.256118 307310 16 17 
1572382517.266651 307320 16 18 
1572382517.273988 307330 17 17 
1572382517.286733 307340 16 18 
1572382517.297342 307350 16 17 
1572382517.304545 307360 17 18 
1572382517.315909 307370 17 18 
1572382517.327648 307380 17 18 
1572382517.333792 307390 17 17 
1572382517.346393 307400 17 18 
1572382517.357128 307410 18 18 
1572382517.364255 307420 17 18 
1572382517.375629 307430 18 17 
1572382517.387407 307440 18 18 
1572382517.393530 307450 19 18 
1572382517.406151 307460 18 19 
1572382517.416715 307470 19 18 
1572382517.424033 307480 20 19 
1572382517.436716 307490 19 18 
1572382517.447216 307500 20 19 
1572382517.454468 307510 21 19 
1572382517.465930 307520 20 20 
1572382517.477664 307530 21 19 
1572382517.483924 307540 21 20 
1572382517.496409 307550 21 21 
1572382517.506979 307560 20 20 
1572382517.514226 307570 20 20 
1572382517.531300 307580 21 21 
1572382517.537536 307590 20 21 
1572382517.543633 307600 21 21 
1572382517.556239 307610 21 21 
1572382517.566792 307620 20 21 
1572382517.574113 307630 21 21 
1572382517.585573 307640 20 21 
1572382517.597297 307650 20 21 
1572382517.604728 307660 21 21 
1572382517.616027 307670 20 20 
1572382517.626589 307680 21 21 
1572382517.633905 307690 20 21 
1572382517.646523 307700 21 20 
1572382517.657031 307710 21 21 
1572382517.664370 307720 21 20 
1572382517.675778 307730 21 21 
1572382517.687583 307740 21 20 
1572382517.699035 307750 20 21 
1572382517.706340 307760 21 20 
1572382517.716989 307770 20 20 
1572382517.724251 307780 20 20 
1572382517.735639 307790 20 20 
1572382517.747447 307800 21 20 
1572382517.753543 307810 20 20 
1572382517.766163 307820 20 20 
1572382517.776707 307830 21 21 
1572382517.784037 307840 20 20 
1572382517.796796 307850 20 20 
1572382517.807208 307860 21 21 
1572382517.814503 307870 20 20 
1572382517.825950 307880 20 20 
1572382517.837672 307890 20 20 
1572382517.843756 307900 20 20 
1572382517.856393 307910 20 20 
1572382517.873380 307920 20 20 
1572382517.874884 307930 20 20 
1572382517.885835 307940 20 19 
1572382517.897524 307950 20 19 
1572382517.903601 307960 19 19 
1572382517.916258 307970 19 19 
1572382517.926796 307980 20 18 
1572382517.934097 307990 18 18 
1572382517.945573 308000 18 18 
1572382517.957319 308010 18 18 
1572382517.964669 308020 17 17 
1572382517.976025 308030 17 17 
1572382517.986562 308040 16 17 
1572382517.993941 308050 17 17 
1572382518.006521 308060 16 16 
1572382518.017052 308070 16 16 
1572382518.024390 308080 16 16 
1572382518.035733 308090 16 15 
1572382518.047562 308100 16 16 
1572382518.053700 308110 15 15 
1572382518.066289 308120 15 15 
1572382518.076867 308130 15 14 
1572382518.084155 308140 15 15 
1572382518.095509 308150 14 14 
1572382518.107355 308160 15 14 
1572382518.114601 308170 15 14 
1572382518.126007 308180 15 14 
1572382518.136619 308190 14 14 
1572382518.143889 308200 14 14 
1572382518.156586 308210 14 13 
1572382518.167066 308220 14 13 
1572382518.174399 308230 14 14 
1572382518.185828 308240 14 14 
1572382518.197584 308250 14 13 
1572382518.203613 308260 13 13 
1572382518.222673 308270 13 13 
1572382518.226963 308280 14 13 
1572382518.234318 308290 13 13 
1572382518.245734 308300 13 13 
1572382518.257464 308310 14 13 
1572382518.263480 308320 13 13 
1572382518.276181 308330 13 13 
1572382518.286726 308340 13 12 
1572382518.294316 308350 13 13 
1572382518.308289 308360 12 12 
1572382518.317346 308370 13 13 
1572382518.324596 308380 13 12 
1572382518.335882 308390 12 13 
1572382518.347639 308400 13 12 
1572382518.353771 308410 13 12 
1572382518.366409 308420 13 12 
1572382518.376970 308430 13 12 
1572382518.390469 308440 13 13 
1572382518.395786 308450 14 12 
1572382518.407631 308460 13 12 
1572382518.413678 308470 14 12 
1572382518.426279 308480 13 13 
1572382518.436847 308490 14 13 
1572382518.444168 308500 14 13 
1572382518.455542 308510 14 12 
1572382518.467417 308520 14 13 
1572382518.474602 308530 13 13 
1572382518.486035 308540 14 12 
1572382518.496681 308550 13 13 
1572382518.503837 308560 14 12 
1572382518.516526 308570 13 13 
1572382518.527133 308580 14 13 
1572382518.534427 308590 13 12 
1572382518.545846 308600 13 13 
1572382518.558267 308610 13 12 
1572382518.563626 308620 13 13 
1572382518.576265 308630 13 13 
1572382518.586905 308640 13 13 
1572382518.594102 308650 13 13 
1572382518.605577 308660 13 13 
1572382518.617375 308670 13 14 
1572382518.624717 308680 14 13 
1572382518.636045 308690 13 13 
1572382518.646635 308700 14 13 
1572382518.653920 308710 14 13 
1572382518.666530 308720 13 12 
1572382518.677124 308730 13 12 
1572382518.684397 308740 13 13 
1572382518.695766 308750 13 12 
1572382518.707632 308760 13 13 
1572382518.713672 308770 13 13 
1572382518.732708 308780 13 12 
1572382518.737040 308790 13 13 
1572382518.744268 308800 13 13 
1572382518.755629 308810 14 12 
1572382518.767525 308820 13 13 
1572382518.773561 308830 13 13 
1572382518.786217 308840 13 12 
1572382518.796907 308850 13 13 
1572382518.803992 308860 14 12 
1572382518.816711 308870 13 13 
1572382518.827272 308880 13 12 
1572382518.834534 308890 14 13 
1572382518.845937 308900 14 13 
1572382518.857779 308910 13 13 
1572382518.863759 308920 14 13 
1572382518.876520 308930 13 13 
1572382518.887034 308940 14 14 
1572382518.900258 308950 14 13 
1572382518.905789 308960 13 14 
1572382518.917654 308970 14 13 
1572382518.923624 308980 14 14 
1572382518.936297 308990 14 15 
1572382518.946921 309000 13 14 
1572382518.954102 309010 14 15 
1572382518.965582 309020 14 15 
1572382518.977381 309030 14 15 
1572382518.984699 309040 14 15 
1572382518.996000 309050 14 15 
1572382519.006639 309060 14 16 
1572382519.013898 309070 15 16 
1572382519.026533 309080 15 15 
1572382519.037136 309090 15 16 
1572382519.044402 309100 16 16 
1572382519.055811 309110 16 16 
1572382519.068081 309120 16 16 
1572382519.073736 309130 16 16 
1572382519.086288 309140 17 16 
1572382519.096946 309150 16 16 
1572382519.104173 309160 17 16 
1572382519.115543 309170 17 16 
1572382519.127422 309180 16 16 
1572382519.134639 309190 17 17 
1572382519.146003 309200 16 16 
1572382519.156682 309210 17 17 
1572382519.163893 309220 17 17 
1572382519.176570 309230 17 17 
1572382519.187132 309240 17 17 
1572382519.194380 309250 17 17 
1572382519.205816 309260 17 17 
1572382519.217659 309270 16 18 
1572382519.223629 309280 17 18 
1572382519.242254 309290 17 18 
1572382519.246990 309300 17 18 
1572382519.254314 309310 18 18 
1572382519.265727 309320 16 19 
1572382519.277524 309330 17 18 
1572382519.283516 309340 17 18 
1572382519.296391 309350 16 19 
1572382519.306784 309360 17 19 
1572382519.314070 309370 16 18 
1572382519.326654 309380 17 19 
1572382519.337281 309390 17 18 
1572382519.344592 309400 17 19 
1572382519.355909 309410 16 18 
1572382519.367790 309420 17 19 
1572382519.373829 309430 17 19 
1572382519.386416 309440 17 18 
1572382519.397042 309450 17 19 
1572382519.411689 309460 16 19 
1572382519.415919 309470 17 18 
1572382519.427635 309480 16 19 
1572382519.433642 309490 17 19 
1572382519.446277 309500 16 18 
1572382519.456887 309510 18 18 
1572382519.464098 309520 17 18 
1572382519.475491 309530 17 18 
1572382519.487367 309540 18 17 
1572382519.494658 309550 18 18 
1572382519.505965 309560 18 18 
1572382519.516699 309570 18 18 
1572382519.523852 309580 18 17 
1572382519.536562 309590 18 18 
1572382519.547132 309600 18 17 
1572382519.554390 309610 19 18 
1572382519.565802 309620 18 17 
1572382519.577879 309630 18 18 
1572382519.583600 309640 18 17 
1572382519.596267 309650 17 17 
1572382519.606884 309660 16 17 
1572382519.614125 309670 16 17 
1572382519.625605 309680 16 17 
1572382519.637368 309690 15 17 
1572382519.644656 309700 16 17 
1572382519.656008 309710 15 17 
1572382519.666629 309720 16 18 
1572382519.673920 309730 16 17 
1572382519.686528 309740 16 16 
1572382519.697118 309750 16 17 
1572382519.704355 309760 15 17 
1572382519.715765 309770 16 16 
1572382519.727635 309780 15 16 
1572382519.733679 309790 15 16 
1572382519.752029 309800 16 16 
1572382519.757033 309810 15 16 
1572382519.764241 309820 16 15 
1572382519.775626 309830 15 16 
1572382519.787529 309840 16 15 
1572382519.793625 309850 16 15 
1572382519.806184 309860 16 15 
1572382519.816835 309870 16 16 
1572382519.824031 309880 15 15 
1572382519.836678 309890 16 15 
1572382519.847270 309900 16 16 
1572382519.854521 309910 16 15 
1572382519.866024 309920 15 15 
1572382519.877802 309930 16 15 
1572382519.883759 309940 15 16 
1572382519.896400 309950 15 15 
1572382519.907002 309960 16 16 
1572382519.919834 309970 15 15 
1572382519.925801 309980 15 16 
1572382519.937639 309990 15 15 
1572382519.943629 310000 15 16 
1572382519.956265 310010 15 15 
1572382519.966873 310020 15 16 
1572382519.974282 310030 15 15 
1572382519.985577 310040 15 16 
1572382519.997424 310050 15 16 
1572382520.004678 310060 15 15 
1572382520.016014 310070 15 16 
1572382520.026662 310080 15 16 
1572382520.033909 310090 15 15 
1572382520.046539 310100 15 16 
1572382520.057121 310110 15 16 
1572382520.064406 310120 15 16 
1572382520.075769 310130 15 16 
1572382520.087683 310140 15 16 
1572382520.093690 310150 14 15 
1572382520.106284 310160 14 16 
1572382520.116923 310170 14 15 
1572382520.124140 310180 14 16 
1572382520.135513 310190 14 16 
1572382520.147408 310200 14 16 
1572382520.154632 310210 14 15 
1572382520.166028 310220 13 15 
1572382520.176679 310230 14 15 
1572382520.183925 310240 13 15 
1572382520.196602 310250 13 14 
1572382520.207182 310260 14 15 
1572382520.214378 310270 13 14 
1572382520.225853 310280 14 14 
1572382520.237621 310290 13 13 
1572382520.243609 310300 14 14 
1572382520.261657 310310 14 14 
1572382520.266905 310320 13 14 
1572382520.274133 310330 14 13 
1572382520.285570 310340 14 13 
1572382520.297607 310350 14 14 
1572382520.304699 310360 14 13 
1572382520.316055 310370 13 13 
1572382520.326826 310380 14 13 
1572382520.333945 310390 13 13 
1572382520.346506 310400 13 13 
1572382520.357162 310410 13 12 
1572382520.364391 310420 13 13 
1572382520.375784 310430 13 12 
1572382520.387631 310440 13 12 
1572382520.393673 310450 13 12 
1572382520.406273 310460 13 13 
1572382520.416976 310470 12 12 
1572382520.429484 310480 13 11 
1572382520.435625 310490 12 12 
1572382520.447498 310500 12 12 
1572382520.453552 310510 12 12 
1572382520.466162 310520 12 12 
1572382520.476799 310530 12 11 
1572382520.484002 310540 12 12 
1572382520.496663 310550 11 11 
1572382520.508919 310560 12 12 
1572382520.514675 310570 12 11 
1572382520.525909 310580 12 12 
1572382520.537834 310590 12 11 
1572382520.543684 310600 12 11 
1572382520.556356 310610 12 12 
1572382520.566988 310620 11 11 
1572382520.574232 310630 12 12 
1572382520.585653 310640 12 12 
1572382520.597600 310650 12 11 
1572382520.603440 310660 12 12 
1572382520.616103 310670 11 11 
1572382520.626841 310680 12 12 
1572382520.633991 310690 12 11 
1572382520.646631 310700 12 12 
1572382520.657353 310710 12 12 
1572382520.664522 310720 12 12 
1572382520.675875 310730 12 12 
1572382520.687817 310740 12 12 
1572382520.693786 310750 13 12 
1572382520.706403 310760 12 12 
1572382520.717144 310770 13 12 
1572382520.724239 310780 14 12 
1572382520.735624 310790 13 13 
1572382520.747543 310800 14 12 
1572382520.753516 310810 14 13 
1572382520.766112 310820 14 12 
1572382520.777605 310830 15 13 
1572382520.784013 310840 14 13 
1572382520.796798 310850 15 14 
1572382520.807350 310860 14 13 
1572382520.814475 310870 14 14 
1572382520.825919 310880 15 14 
1572382520.837853 310890 14 13 
1572382520.843723 310900 14 14 
1572382520.856392 310910 14 14 
1572382520.867104 310920 14 14 
1572382520.874206 310930 15 15 
1572382520.885664 310940 13 14 
1572382520.897561 310950 14 15 
1572382520.903533 310960 14 15 
1572382520.916141 310970 14 15 
1572382520.926843 310980 14 15 
1572382520.933948 310990 14 15 
1572382520.951700 311000 14 15 
1572382520.957428 311010 14 14 
1572382520.964663 311020 13 15 
1572382520.976012 311030 14 14 
1572382520.986704 311040 14 14 
1572382520.993911 311050 14 14 
1572382521.006486 311060 14 15 
1572382521.017230 311070 14 14 
1572382521.024363 311080 14 13 
1572382521.035788 311090 14 13 
1572382521.047725 311100 14 14 
1572382521.053702 311110 14 13 
1572382521.066260 311120 13 14 
1572382521.077010 311130 13 13 
1572382521.084141 311140 13 13 
1572382521.095513 311150 12 12 
1572382521.107480 311160 12 12 
1572382521.119538 311170 12 13 
1572382521.126126 311180 12 12 
1572382521.136881 311190 12 12 
1572382521.144033 311200 12 12 
1572382521.156698 311210 13 12 
1572382521.167350 311220 12 12 
1572382521.174483 311230 13 13 
1572382521.185934 311240 12 12 
1572382521.197853 311250 12 12 
1572382521.203714 311260 12 12 
1572382521.216636 311270 12 12 
1572382521.227110 311280 12 12 
1572382521.234249 311290 12 13 
1572382521.245665 311300 13 13 
1572382521.257582 311310 13 13 
1572382521.263517 311320 13 13 
1572382521.276151 311330 13 14 
1572382521.287322 311340 13 13 
1572382521.294301 311350 13 14 
1572382521.306700 311360 13 13 
1572382521.317391 311370 13 14 
1572382521.324560 311380 14 14 
1572382521.335890 311390 13 14 
1572382521.347807 311400 14 14 
1572382521.353835 311410 14 14 
1572382521.366405 311420 14 14 
1572382521.377125 311430 14 14 
1572382521.384210 311440 15 14 
1572382521.395628 311450 15 15 
1572382521.407576 311460 14 15 
1572382521.413538 311470 15 14 
1572382521.426169 311480 15 15 
1572382521.436911 311490 16 15 
1572382521.443973 311500 16 14 
1572382521.461589 311510 15 15 
1572382521.467440 311520 16 14 
1572382521.474630 311530 16 15 
1572382521.486039 311540 16 15 
1572382521.496790 311550 15 15 
1572382521.503879 311560 16 15 
1572382521.516571 311570 16 15 
1572382521.527253 311580 16 16 
1572382521.534377 311590 16 16 
1572382521.545817 311600 16 16 
1572382521.557713 311610 16 16 
1572382521.563668 311620 16 17 
1572382521.576294 311630 16 17 
1572382521.586993 311640 17 17 
1572382521.594134 311650 16 16 
1572382521.607225 311660 16 17 
1572382521.617595 311670 16 17 
1572382521.629388 311680 16 18 
1572382521.636111 311690 17 17 
1572382521.646806 311700 16 18 
1572382521.654002 311710 16 18 
1572382521.666629 311720 16 17 
1572382521.677303 311730 16 18 
1572382521.684546 311740 17 17 
1572382521.695848 311750 17 18 
1572382521.707810 311760 18 18 
1572382521.713753 311770 18 17 
1572382521.726383 311780 18 18 
1572382521.737112 311790 18 17 
1572382521.744218 311800 18 18 
1572382521.755559 311810 18 18 
1572382521.767596 311820 18 18 
1572382521.773494 311830 19 19 
1572382521.786109 311840 19 18 
1572382521.797214 311850 18 19 
1572382521.804010 311860 19 19 
1572382521.816657 311870 19 19 
1572382521.827356 311880 19 20 
1572382521.834468 311890 19 20 
1572382521.845905 311900 20 20 
1572382521.857837 311910 19 20 
1572382521.863714 311920 20 20 
1572382521.876381 311930 19 20 
1572382521.887064 311940 20 20 
1572382521.894213 311950 19 20 
1572382521.905666 311960 20 20 
1572382521.917570 311970 20 20 
1572382521.923435 311980 19 21 
1572382521.936114 311990 20 20 
1572382521.946799 312000 20 21 
1572382521.953988 312010 21 21 
1572382521.971271 312020 20 20 
1572382521.977451 312030 20 21 
1572382521.984633 312040 20 20 
1572382521.996020 312050 20 20 
1572382522.006667 312060 20 19 
1572382522.013899 312070 20 20 
1572382522.026487 312080 20 20 
1572382522.037157 312090 20 19 
1572382522.044322 312100 19 20 
1572382522.055734 312110 20 19 
1572382522.067692 312120 20 20 
1572382522.073644 312130 19 19 
1572382522.086240 312140 20 20 
1572382522.096987 312150 19 20 
1572382522.104110 312160 19 19 
1572382522.115544 312170 19 20 
1572382522.127451 312180 19 19 
1572382522.139122 312190 19 20 
1572382522.146125 312200 18 19 
1572382522.156865 312210 19 20 
1572382522.164002 312220 19 19 
1572382522.176713 312230 19 19 
1572382522.187353 312240 20 20 
1572382522.194487 312250 19 19 
1572382522.205920 312260 18 19 
1572382522.217816 312270 18 19 
1572382522.223723 312280 19 19 
1572382522.236402 312290 19 19 
1572382522.247102 312300 18 20 
1572382522.254238 312310 19 19 
1572382522.265671 312320 18 18 
1572382522.277570 312330 19 19 
1572382522.283499 312340 18 19 
1572382522.296372 312350 19 19 
1572382522.306933 312360 18 19 
1572382522.314016 312370 18 19 
1572382522.326690 312380 18 19 
1572382522.337390 312390 19 19 
1572382522.344554 312400 18 19 
1572382522.355890 312410 18 19 
1572382522.367829 312420 19 19 
1572382522.373804 312430 18 19 
1572382522.386401 312440 18 19 
1572382522.397148 312450 17 19 
1572382522.404252 312460 18 20 
1572382522.415622 312470 18 19 
1572382522.427577 312480 18 19 
1572382522.433538 312490 18 19 
1572382522.446179 312500 18 19 
1572382522.457055 312510 17 19 
1572382522.464008 312520 18 19 
1572382522.481003 312530 18 19 
1572382522.487335 312540 18 19 
1572382522.494462 312550 17 19 
1572382522.505928 312560 17 19 
1572382522.517829 312570 18 19 
1572382522.523744 312580 17 18 
1572382522.536407 312590 17 19 
1572382522.547111 312600 18 19 
1572382522.554255 312610 18 18 
1572382522.565673 312620 18 18 
1572382522.577635 312630 17 19 
1572382522.583502 312640 18 18 
1572382522.596150 312650 18 18 
1572382522.606921 312660 17 19 
1572382522.613989 312670 18 18 
1572382522.626613 312680 17 18 
1572382522.637399 312690 18 18 
1572382522.648804 312700 17 18 
1572382522.656036 312710 18 18 
1572382522.666807 312720 17 18 
1572382522.673894 312730 18 18 
1572382522.686504 312740 17 18 
1572382522.697281 312750 18 18 
1572382522.704372 312760 17 18 
1572382522.717443 312770 17 17 
1572382522.727916 312780 18 18 
1572382522.733664 312790 18 17 
1572382522.746224 312800 17 18 
1572382522.757053 312810 18 17 
1572382522.764098 312820 17 17 
1572382522.775496 312830 17 18 
1572382522.787530 312840 18 17 
1572382522.794593 312850 17 17 
1572382522.806071 312860 17 17 
1572382522.823082 312870 18 18 
1572382522.824601 312880 17 17 
1572382522.836691 312890 18 17 
1572382522.847415 312900 17 18 
1572382522.854478 312910 17 17 
1572382522.865897 312920 18 18 
1572382522.877880 312930 17 18 
1572382522.883713 312940 17 17 
1572382522.896396 312950 17 18 
1572382522.907169 312960 18 18 
1572382522.914260 312970 17 18 
1572382522.925661 312980 17 18 
1572382522.937639 312990 17 18 
1572382522.943483 313000 18 18 
1572382522.956112 313010 17 18 
1572382522.966913 313020 17 18 
1572382522.973975 313030 17 18 
1572382522.990719 313040 18 19 
1572382522.997412 313050 18 18 
1572382523.004531 313060 17 18 
1572382523.015863 313070 18 18 
1572382523.027889 313080 18 18 
1572382523.033818 313090 18 18 
1572382523.046381 313100 18 18 
1572382523.057184 313110 18 18 
1572382523.064238 313120 18 18 
1572382523.075622 313130 18 18 
1572382523.087617 313140 18 18 
1572382523.093619 313150 17 18 
1572382523.106147 313160 18 19 
1572382523.116977 313170 18 18 
1572382523.123992 313180 18 18 
1572382523.136666 313190 18 18 
1572382523.147400 313200 17 18 
1572382523.154494 313210 17 19 
1572382523.165989 313220 17 18 
1572382523.178020 313230 17 18 
1572382523.183738 313240 17 18 
1572382523.196386 313250 17 19 
1572382523.207158 313260 17 18 
1572382523.214278 313270 17 18 
1572382523.225678 313280 17 19 
1572382523.237668 313290 17 18 
1572382523.243475 313300 18 18 
1572382523.256117 313310 17 19 
1572382523.266917 313320 18 18 
1572382523.273991 313330 17 19 
1572382523.286681 313340 18 18 
1572382523.297648 313350 17 18 
1572382523.304588 313360 18 19 
1572382523.315899 313370 18 19 
1572382523.327900 313380 17 18 
1572382523.340038 313390 18 19 
1572382523.346508 313400 18 19 
1572382523.357275 313410 18 19 
1572382523.364348 313420 18 19 
1572382523.375763 313430 18 19 
1572382523.387800 313440 18 19 
1572382523.393663 313450 18 19 
1572382523.406251 313460 18 19 
1572382523.417080 313470 19 19 
1572382523.424146 313480 18 19 
1572382523.435518 313490 19 19 
1572382523.447554 313500 19 19 
1572382523.454593 313510 20 19 
1572382523.465996 313520 19 19 
1572382523.476827 313530 19 19 
1572382523.483892 313540 19 19 
1572382523.496545 313550 19 19 
1572382523.507878 313560 19 20 
1572382523.514364 313570 20 19 
1572382523.525798 313580 18 20 
1572382523.537773 313590 20 19 
1572382523.543611 313600 19 20 
1572382523.556273 313610 19 20 
1572382523.567057 313620 19 20 
1572382523.574089 313630 19 20 
1572382523.585572 313640 20 19 
1572382523.597545 313650 19 20 
1572382523.604628 313660 19 20 
1572382523.616029 313670 20 20 
1572382523.626771 313680 19 19 
1572382523.633913 313690 20 20 
1572382523.646498 313700 19 19 
1572382523.657302 313710 20 20 
1572382523.664354 313720 20 19 
1572382523.682041 313730 19 20 
1572382523.687913 313740 20 19 
1572382523.693969 313750 20 19 
1572382523.706401 313760 19 19 
1572382523.717208 313770 19 19 
1572382523.724251 313780 20 20 
1572382523.735681 313790 19 19 
1572382523.747654 313800 19 19 
1572382523.753546 313810 19 19 
1572382523.766111 313820 18 19 
1572382523.776962 313830 19 20 
1572382523.784017 313840 18 19 
1572382523.796786 313850 19 19 
1572382523.807462 313860 19 18 
1572382523.814520 313870 18 19 
1572382523.827509 313880 19 19 
1572382523.838011 313890 18 18 
1572382523.849817 313900 19 18 
1572382523.856539 313910 19 19 
1572382523.867281 313920 19 18 
1572382523.874357 313930 20 18 
1572382523.885776 313940 19 18 
1572382523.897756 313950 19 18 
1572382523.903611 313960 19 19 
1572382523.916262 313970 20 18 
1572382523.927031 313980 19 18 
1572382523.934101 313990 19 19 
1572382523.945528 314000 18 18 
1572382523.957519 314010 19 19 
1572382523.964656 314020 18 18 
1572382523.975985 314030 19 19 
1572382523.986792 314040 19 18 
1572382523.993895 314050 18 19 
1572382524.006480 314060 18 19 
1572382524.017606 314070 19 18 
1572382524.024359 314080 18 19 
1572382524.035781 314090 19 19 
1572382524.047787 314100 19 18 
1572382524.053637 314110 18 19 
1572382524.066243 314120 19 19 
1572382524.077104 314130 19 19 
1572382524.084158 314140 19 18 
1572382524.095510 314150 19 19 
1572382524.107548 314160 18 19 
1572382524.114604 314170 19 18 
1572382524.126013 314180 19 19 
1572382524.136843 314190 19 19 
1572382524.143865 314200 18 19 
1572382524.156552 314210 19 19 
1572382524.167273 314220 19 19 
1572382524.174370 314230 18 19 
1572382524.191807 314240 19 18 
1572382524.197908 314250 18 19 
1572382524.203757 314260 18 18 
1572382524.216370 314270 19 19 
1572382524.227181 314280 18 18 
1572382524.234237 314290 19 19 
1572382524.245660 314300 18 19 
1572382524.257650 314310 19 18 
1572382524.263506 314320 19 19 
1572382524.276150 314330 18 18 
1572382524.286915 314340 19 19 
1572382524.294400 314350 19 18 
1572382524.306870 314360 19 19 
1572382524.317424 314370 19 19 
1572382524.324610 314380 19 18 
1572382524.335930 314390 19 19 
1572382524.347907 314400 18 19 
1572382524.359661 314410 18 18 
1572382524.366561 314420 19 19 
1572382524.377296 314430 18 19 
1572382524.384384 314440 19 19 
1572382524.395796 314450 19 19 
1572382524.407791 314460 18 19 
1572382524.413712 314470 19 20 
1572382524.426303 314480 18 19 
1572382524.437110 314490 18 19 
1572382524.444151 314500 19 20 
1572382524.455530 314510 19 19 
1572382524.467591 314520 18 20 
1572382524.474655 314530 19 19 
1572382524.486006 314540 19 20 
1572382524.496865 314550 18 20 
1572382524.503882 314560 19 20 
1572382524.516609 314570 19 20 
1572382524.527432 314580 19 19 
1572382524.534385 314590 19 19 
1572382524.545790 314600 19 20 
1572382524.557799 314610 19 19 
1572382524.563669 314620 18 18 
1572382524.576300 314630 19 19 
1572382524.587278 314640 19 19 
1572382524.594127 314650 18 18 
1572382524.605568 314660 19 19 
1572382524.617539 314670 18 19 
1572382524.624691 314680 19 18 
1572382524.636057 314690 18 18 
1572382524.646860 314700 19 19 
1572382524.653934 314710 18 18 
1572382524.666515 314720 18 18 
1572382524.677275 314730 18 18 
1572382524.684697 314740 17 18 
1572382524.701542 314750 18 18 
1572382524.707886 314760 18 18 
1572382524.713687 314770 18 18 
1572382524.726265 314780 18 18 
1572382524.737176 314790 17 17 
1572382524.744299 314800 18 18 
1572382524.755540 314810 18 18 
1572382524.767639 314820 17 18 
1572382524.774630 314830 18 17 
1572382524.786042 314840 17 18 
1572382524.796923 314850 18 18 
1572382524.803950 314860 17 17 
1572382524.816625 314870 17 18 
1572382524.827374 314880 17 18 
1572382524.834391 314890 18 17 
1572382524.845815 314900 17 18 
1572382524.857836 314910 17 17 
1572382524.869278 314920 17 18 
1572382524.876394 314930 17 18 
1572382524.887250 314940 18 17 
1572382524.894221 314950 17 17 
1572382524.905780 314960 17 18 
1572382524.917775 314970 17 17 
1572382524.923480 314980 17 18 
1572382524.937970 314990 17 17 
1572382524.947082 315000 17 18 
1572382524.954017 315010 17 17 
1572382524.966652 315020 17 17 
1572382524.977492 315030 16 17 
1572382524.984543 315040 17 17 
1572382524.995870 315050 15 17 
1572382525.007985 315060 16 17 
1572382525.013788 315070 16 17 
1572382525.026364 315080 15 17 
1572382525.043609 315090 16 17 
1572382525.045146 315100 15 16 
1572382525.055780 315110 16 17 
1572382525.067866 315120 15 15 
1572382525.073644 315130 15 16 
1572382525.086261 315140 15 16 
1572382525.097142 315150 14 15 
1572382525.104180 315160 15 15 
1572382525.115498 315170 15 14 
1572382525.127621 315180 15 15 
1572382525.134623 315190 15 13 
1572382525.146002 315200 15 14 
1572382525.156870 315210 14 13 
1572382525.163858 315220 15 14 
1572382525.176563 315230 14 13 
1572382525.187365 315240 14 13 
1572382525.194341 315250 15 12 
1572382525.211271 315260 13 13 
1572382525.217847 315270 14 12 
1572382525.223763 315280 14 13 
1572382525.236292 315290 13 12 
1572382525.247133 315300 13 12 
1572382525.254124 315310 12 12 
1572382525.265554 315320 12 13 
1572382525.277591 315330 12 12 
1572382525.284696 315340 12 12 
1572382525.296648 315350 11 13 
1572382525.307006 315360 12 13 
1572382525.313968 315370 11 12 
1572382525.326546 315380 11 13 
1572382525.337387 315390 11 12 
1572382525.344366 315400 11 13 
1572382525.355805 315410 11 12 
1572382525.367860 315420 10 11 
1572382525.379081 315430 11 12 
1572382525.386400 315440 11 11 
1572382525.397317 315450 10 11 
1572382525.404248 315460 10 11 
1572382525.415662 315470 10 11 
1572382525.427739 315480 9 10 
1572382525.433518 315490 10 10 
1572382525.446187 315500 9 9 
1572382525.456908 315510 10 10 
1572382525.463997 315520 8 8 
1572382525.476566 315530 9 9 
1572382525.487352 315540 9 8 
1572382525.494413 315550 8 7 
1572382525.505801 315560 8 8 
1572382525.517869 315570 8 7 
1572382525.523628 315580 7 7 
1572382525.536269 315590 7 7 
1572382525.547109 315600 6 6 
1572382525.554168 315610 5 6 
1572382525.571635 315620 6 5 
1572382525.577748 315630 5 5 
1572382525.583496 315640 4 5 
1572382525.596134 315650 4 4 
1572382525.606968 315660 3 3 
1572382525.614041 315670 3 3 
1572382525.625464 315680 3 3 
1572382525.637544 315690 2 2 
1572382525.644537 315700 1 2 
1572382525.655892 315710 0 1 
1572382525.666730 315720 0 1 
1572382525.673801 315730 0 1 
1572382525.686420 315740 0 0 
1572382525.697236 315750 0 0 
1572382525.704228 315760 0 0 
1572382525.715645 315770 0 0 
1572382525.727743 315780 0 0 
1572382525.733545 315790 0 0 
1572382525.746172 315800 0 0 
1572382525.757045 315810 0 0 
1572382525.770307 315820 0 0 
1572382525.775513 315830 0 0 
1572382525.787594 315840 0 0 
1572382525.793450 315850 0 0 
1572382525.806159 315860 0 0 
1572382525.816954 315870 0 0 
1572382525.823862 315880 0 0 
1572382525.836585 315890 0 0 
1572382525.847334 315900 0 0 
1572382525.854698 315910 0 0 
1572382525.865984 315920 0 0 
1572382525.877960 315930 0 0 
1572382525.883879 315940 0 0 
1572382525.896496 315950 0 0 
1572382525.907134 315960 0 0 
1572382525.914113 315970 0 0 
1572382525.925565 315980 0 0 
1572382525.937590 315990 0 0 
1572382525.943362 316000 0 0 
1572382525.961635 316010 0 0 
1572382525.966851 316020 0 0 
1572382525.973931 316030 0 0 
1572382525.986499 316040 0 0 
1572382525.997332 316050 0 0 
1572382526.004361 316060 0 0 
1572382526.015785 316070 0 0 
1572382526.027872 316080 0 0 
1572382526.035252 316090 0 0 
1572382526.046363 316100 0 0 
1572382526.057144 316110 0 0 
1572382526.064084 316120 0 0 
1572382526.075484 316130 0 0 
1572382526.087584 316140 0 0 
1572382526.093376 316150 0 0 
1572382526.105972 316160 0 0 
1572382526.116876 316170 0 0 
1572382526.123866 316180 0 0 
1572382526.136587 316190 0 0 
1572382526.147357 316200 0 0 
1572382526.159055 316210 0 0 
1572382526.165842 316220 0 0 
1572382526.176747 316230 0 0 
1572382526.183754 316240 0 0 
1572382526.196364 316250 0 0 
1572382526.207226 316260 0 0 
1572382526.214213 316270 0 0 
1572382526.225850 316280 0 0 
1572382526.237724 316290 0 0 
1572382526.243431 316300 0 0 
1572382526.256107 316310 0 0 
1572382526.266981 316320 0 0 
1572382526.273979 316330 0 0 
1572382526.285417 316340 0 0 
1572382526.297792 316350 0 0 
1572382526.304677 316360 0 0 
1572382526.315924 316370 0 0 
1572382526.326719 316380 0 0 
1572382526.333796 316390 0 0 
1572382526.346370 316400 0 0 
1572382526.357708 316410 0 0 
1572382526.364258 316420 0 0 
1572382526.375699 316430 0 0 
1572382526.387737 316440 0 0 
1572382526.393523 316450 0 0 
1572382526.406141 316460 0 0 
1572382526.417022 316470 0 0 
1572382526.424003 316480 0 0 
1572382526.435372 316490 0 0 
1572382526.447496 316500 0 0 
1572382526.454469 316510 0 0 
1572382526.465874 316520 0 0 
1572382526.476795 316530 0 0 
1572382526.483734 316540 0 0 
1572382526.496394 316550 0 0 
1572382526.507221 316560 0 0 
1572382526.514253 316570 0 0 
1572382526.525718 316580 0 0 
1572382526.537739 316590 0 0 
1572382526.549103 316600 0 0 
1572382526.556247 316610 0 0 
1572382526.567112 316620 0 0 
1572382526.574150 316630 0 0 
1572382526.585611 316640 0 0 
1572382526.597625 316650 0 0 
1572382526.603389 316660 0 0 
1572382526.616018 316670 0 0 
1572382526.626864 316680 0 0 
1572382526.633850 316690 0 0 
1572382526.646596 316700 0 0 
1572382526.657384 316710 0 0 
1572382526.664388 316720 0 0 
1572382526.675789 316730 0 0 
1572382526.687838 316740 0 0 
1572382526.693720 316750 0 0 
1572382526.706303 316760 0 0 
1572382526.717166 316770 0 0 
1572382526.724144 316780 0 0 
1572382526.735523 316790 0 0 
1572382526.747734 316800 0 0 
1572382526.753437 316810 0 0 
1572382526.766021 316820 0 0 
1572382526.776936 316830 0 0 
1572382526.783882 316840 0 0 
1572382526.796571 316850 0 0 
1572382526.807451 316860 0 0 
1572382526.814406 316870 0 0 
1572382526.825846 316880 0 0 
1572382526.837847 316890 0 0 
1572382526.843637 316900 0 0 
1572382526.856300 316910 0 0 
1572382526.867134 316920 0 0 
1572382526.874113 316930 0 0 
1572382526.885574 316940 0 0 
1572382526.897603 316950 0 0 
1572382526.903423 316960 0 0 
1572382526.916053 316970 0 0 
1572382526.926878 316980 0 0 
1572382526.933884 316990 0 0 
1572382526.951530 317000 0 0 
1572382526.957482 317010 0 0 
1572382526.964596 317020 0 0 
1572382526.975907 317030 0 0 
1572382526.986759 317040 0 0 
1572382526.993789 317050 0 0 
1572382527.006414 317060 0 0 
1572382527.017234 317070 0 0 
1572382527.024301 317080 0 0 
1572382527.035682 317090 0 0 
1572382527.047747 317100 0 0 
1572382527.053582 317110 0 0 
1572382527.066157 317120 0 0 
1572382527.077078 317130 0 0 
1572382527.084044 317140 0 0 
1572382527.095402 317150 0 0 
1572382527.107500 317160 0 0 
1572382527.114490 317170 0 0 
1572382527.125870 317180 0 0 
1572382527.142857 317190 0 0 
1572382527.145850 317200 0 0 
1572382527.156575 317210 0 0 
1572382527.167279 317220 0 0 
1572382527.174177 317230 0 0 
1572382527.185660 317240 0 0 
1572382527.197773 317250 0 0 
1572382527.203585 317260 0 0 
1572382527.216119 317270 0 0 
1572382527.226987 317280 0 0 
1572382527.233969 317290 0 0 
1572382527.245385 317300 0 0 
1572382527.257509 317310 0 0 
1572382527.264505 317320 0 0 
1572382527.275882 317330 0 0 
1572382527.286719 317340 0 0 
1572382527.293930 317350 0 0 
1572382527.306722 317360 0 0 
1572382527.317319 317370 0 0 
1572382527.324189 317380 0 0 
1572382527.341603 317390 0 0 
1572382527.347775 317400 0 0 
1572382527.353557 317410 0 0 
1572382527.366139 317420 0 0 
1572382527.377110 317430 0 0 
1572382527.383941 317440 0 0 
1572382527.395367 317450 0 0 
1572382527.407525 317460 0 0 
1572382527.414658 317470 0 0 
1572382527.425873 317480 0 0 
1572382527.436864 317490 0 0 
1572382527.443730 317500 0 0 
1572382527.456355 317510 0 0 
1572382527.467304 317520 0 0 
1572382527.474229 317530 0 0 
1572382527.485672 317540 0 0 
1572382527.497761 317550 0 0 
1572382527.503509 317560 0 0 
1572382527.516142 317570 0 0 
1572382527.527051 317580 0 0 
1572382527.540084 317590 0 0 
1572382527.545699 317600 0 0 
1572382527.557653 317610 0 0 
1572382527.563352 317620 0 0 
1572382527.576006 317630 0 0 
1572382527.586915 317640 0 0 
1572382527.593850 317650 0 0 
1572382527.606554 317660 0 0 
1572382527.617409 317670 0 0 
1572382527.624389 317680 0 0 
1572382527.635769 317690 0 0 
1572382527.647925 317700 0 0 
1572382527.653635 317710 0 0 
1572382527.666254 317720 0 0 
1572382527.677214 317730 0 0 
1572382527.684153 317740 0 0 
1572382527.695499 317750 0 0 
1572382527.707676 317760 0 0 
1572382527.713552 317770 0 0 
1572382527.726006 317780 0 0 
1572382527.736953 317790 0 0 
1572382527.743869 317800 0 0 
1572382527.756579 317810 0 0 
1572382527.767421 317820 0 0 
1572382527.774362 317830 0 0 
1572382527.785783 317840 0 0 
1572382527.797911 317850 0 0 
1572382527.803764 317860 0 0 
1572382527.816309 317870 0 0 
1572382527.827206 317880 0 0 
1572382527.834112 317890 0 0 
1572382527.845554 317900 0 0 
1572382527.857656 317910 0 0 
1572382527.863351 317920 0 0 
1572382527.876015 317930 0 0 
1572382527.886924 317940 0 0 
1572382527.893854 317950 0 0 
1572382527.906520 317960 0 0 
1572382527.917424 317970 0 0 
