805 42077 42882 
805 42077 42882 
805 42077 42882 
805 42077 42882 
805 42077 42882 
805 42077 42882 
805 42077 42882 
805 42077 42882 
805 42077 42882 
805 42077 42882 
805 42077 42882 
805 42077 42882 
805 42077 42882 
804 42073 42877 
804 42073 42877 
803 42073 42876 
790 42073 42863 
784 42066 42850 
768 42055 42823 
763 42057 42820 
762 42062 42824 
743 42076 42819 
702 42085 42787 
655 42081 42736 
614 42051 42665 
549 41982 42531 
401 41842 42243 
163 41619 41782 
65420 41340 106760 
65095 41025 106120 
64685 40630 105315 
64246 40207 104453 
63778 39728 103506 
63320 39259 102579 
62847 38784 101631 
62401 38327 100728 
61979 37910 99889 
61545 37470 99015 
61127 37062 98189 
60645 36580 97225 
60193 36148 96341 
59756 35712 95468 
59317 35285 94602 
58856 34818 93674 
58381 34351 92732 
57947 33930 91877 
57513 33526 91039 
57102 33143 90245 
56645 32716 89361 
56184 32265 88449 
55726 31840 87566 
55233 31343 86576 
54758 30871 85629 
54275 30404 84679 
53798 29924 83722 
53320 29443 82763 
52869 28975 81844 
52444 28539 80983 
52009 28088 80097 
51618 27691 79309 
51197 27264 78461 
50797 26863 77660 
50376 26427 76803 
49939 25992 75931 
49481 25525 75006 
49029 25070 74099 
48544 24595 73139 
48122 24165 72287 
47714 23744 71458 
47372 23392 70764 
47033 23044 70077 
46670 22661 69331 
46258 22238 68496 
45817 21790 67607 
45411 21366 66777 
44982 20930 65912 
44594 20514 65108 
44169 20074 64243 
43792 19681 63473 
43464 19313 62777 
43271 19047 62318 
43150 18787 61937 
43112 18598 61710 
43102 18381 61483 
43101 18133 61234 
43100 17804 60904 
43101 17419 60520 
43101 17060 60161 
43100 16705 59805 
43099 16328 59427 
43096 15934 59030 
43088 15508 58596 
43068 15041 58109 
43052 14605 57657 
43052 14177 57229 
43053 13714 56767 
43054 13264 56318 
43053 12863 55916 
43053 12421 55474 
43053 11976 55029 
43052 11529 54581 
43053 11134 54187 
43052 10808 53860 
43052 10521 53573 
43051 10288 53339 
43034 10067 53101 
43030 9839 52869 
43029 9555 52584 
43030 9233 52263 
43030 8902 51932 
43030 8519 51549 
43030 8110 51140 
43026 7611 50637 
42997 7025 50022 
42972 6435 49407 
42951 5888 48839 
42950 5405 48355 
42949 4973 47922 
42945 4562 47507 
42928 4164 47092 
42922 3767 46689 
42910 3392 46302 
42846 3071 45917 
42743 2806 45549 
42615 2535 45150 
42470 2241 44711 
42296 1986 44282 
42124 1767 43891 
41947 1552 43499 
41764 1321 43085 
41570 1090 42660 
41345 825 42170 
41097 547 41644 
40787 196 40983 
40455 65359 105814 
40119 64971 105090 
39743 64533 104276 
39353 64116 103469 
38930 63730 102660 
38441 63279 101720 
37852 62706 100558 
37251 62116 99367 
36585 61442 98027 
35922 60792 96714 
35241 60119 95360 
34595 59463 94058 
33878 58743 92621 
33242 58103 91345 
32614 57481 90095 
32050 56909 88959 
31474 56333 87807 
30874 55737 86611 
30242 55109 85351 
29579 54450 84029 
28920 53795 82715 
28291 53167 81458 
27635 52517 80152 
27013 51897 78910 
26436 51325 77761 
25908 50795 76703 
25406 50308 75714 
24920 49830 74750 
24365 49274 73639 
23740 48659 72399 
23006 47922 70928 
22216 47143 69359 
21428 46336 67764 
20643 45542 66185 
19865 44735 64600 
19050 43938 62988 
18243 43127 61370 
17477 42351 59828 
16746 41604 58350 
16013 40877 56890 
15419 40326 55745 
14848 39793 54641 
14291 39245 53536 
13654 38607 52261 
13042 38007 51049 
12397 37368 49765 
11818 36799 48617 
11197 36185 47382 
10647 35645 46292 
10125 35103 45228 
9663 34642 44305 
9169 34133 43302 
8709 33664 42373 
8281 33233 41514 
7824 32777 40601 
7360 32313 39673 
6856 31826 38682 
6372 31353 37725 
5894 30883 36777 
5420 30430 35850 
4934 29957 34891 
4444 29471 33915 
3927 28965 32892 
3447 28479 31926 
2923 27938 30861 
2582 27541 30123 
2281 27181 29462 
2046 26904 28950 
1836 26615 28451 
1753 26441 28194 
1684 26264 27948 
1655 26101 27756 
1625 25938 27563 
1548 25699 27247 
1443 25327 26770 
1383 24898 26281 
1336 24432 25768 
1308 23973 25281 
1297 23547 24844 
1302 23114 24416 
1297 22674 23971 
1297 22244 23541 
1282 21855 23137 
1273 21483 22756 
1270 21076 22346 
1262 20667 21929 
1216 20216 21432 
1144 19675 20819 
1082 19033 20115 
1057 18466 19523 
1057 17974 19031 
1059 17520 18579 
1058 17098 18156 
1058 16677 17735 
1058 16217 17275 
1058 15678 16736 
1058 15095 16153 
1058 14538 15596 
1058 14026 15084 
1039 13552 14591 
979 13065 14044 
929 12702 13631 
917 12347 13264 
918 12061 12979 
918 11782 12700 
918 11508 12426 
918 11271 12189 
918 10994 11912 
918 10694 11612 
910 10399 11309 
887 10131 11018 
783 9907 10690 
573 9664 10237 
291 9334 9625 
15 8924 8939 
65236 8503 73739 
64819 8024 72843 
64391 7545 71936 
63916 6998 70914 
63448 6445 69893 
62971 5887 68858 
62436 5288 67724 
61968 4792 66760 
61517 4303 65820 
61082 3843 64925 
60682 3448 64130 
60314 3063 63377 
59975 2697 62672 
59533 2216 61749 
59084 1735 60819 
58543 1153 59696 
58012 582 58594 
57466 20 57486 
56988 65062 122050 
56516 64579 121095 
56057 64105 120162 
55651 63722 119373 
55265 63349 118614 
54865 62955 117820 
54401 62501 116902 
53884 61996 115880 
53299 61435 114734 
52672 60842 113514 
52059 60253 112312 
51442 59655 111097 
50871 59107 109978 
50320 58578 108898 
49787 58055 107842 
49262 57537 106799 
48789 57061 105850 
48289 56563 104852 
47796 56055 103851 
47309 55574 102883 
46816 55082 101898 
46347 54630 100977 
45909 54200 100109 
45456 53762 99218 
44991 53311 98302 
44510 52853 97363 
44018 52378 96396 
43533 51914 95447 
43109 51503 94612 
42704 51105 93809 
42350 50762 93112 
42027 50444 92471 
41739 50163 91902 
41374 49823 91197 
41043 49505 90548 
40711 49163 89874 
40459 48849 89308 
40226 48581 88807 
40081 48409 88490 
40038 48356 88394 
40034 48355 88389 
40034 48357 88391 
40016 48347 88363 
39938 48266 88204 
39775 48094 87869 
39554 47871 87425 
39300 47613 86913 
38995 47291 86286 
38683 46965 85648 
38310 46574 84884 
37956 46201 84157 
37635 45868 83503 
37368 45618 82986 
36999 45269 82268 
36662 44946 81608 
36258 44582 80840 
35927 44295 80222 
35570 43973 79543 
35206 43674 78880 
34799 43295 78094 
34331 42876 77207 
33847 42397 76244 
33365 41940 75305 
32910 41497 74407 
32493 41069 73562 
32142 40694 72836 
31755 40314 72069 
31326 39906 71232 
30877 39493 70370 
30445 39083 69528 
30050 38700 68750 
29641 38294 67935 
29244 37890 67134 
28841 37484 66325 
28426 37065 65491 
28066 36692 64758 
27701 36304 64005 
27353 35917 63270 
27027 35554 62581 
26731 35214 61945 
26395 34827 61222 
26124 34487 60611 
25889 34181 60070 
25790 33970 59760 
25785 33819 59604 
25775 33627 59402 
25774 33360 59134 
25740 32989 58729 
25669 32559 58228 
25581 32097 57678 
25551 31633 57184 
25551 31198 56749 
25555 30788 56343 
25553 30338 55891 
25553 29798 55351 
25552 29212 54764 
25553 28630 54183 
25547 28039 53586 
25546 27503 53049 
25546 26953 52499 
25547 26390 51937 
25547 25803 51350 
25551 25189 50740 
25553 24608 50161 
25552 24061 49613 
25553 23516 49069 
25553 22974 48527 
25553 22422 47975 
25553 21801 47354 
25554 21140 46694 
25553 20467 46020 
25553 19817 45370 
25550 19231 44781 
25548 18786 44334 
25535 18559 44094 
25501 18488 43989 
25484 18475 43959 
25484 18430 43914 
25484 18373 43857 
25468 18361 43829 
25420 18334 43754 
25314 18241 43555 
25137 18103 43240 
24921 17877 42798 
24665 17545 42210 
24379 17175 41554 
24079 16825 40904 
23708 16378 40086 
23340 15923 39263 
22951 15468 38419 
22564 15013 37577 
22169 14563 36732 
21778 14117 35895 
21392 13691 35083 
20954 13203 34157 
20543 12748 33291 
20109 12269 32378 
19669 11778 31447 
19214 11269 30483 
18774 10793 29567 
18297 10281 28578 
17845 9819 27664 
17337 9310 26647 
16826 8807 25633 
16306 8295 24601 
15793 7794 23587 
15251 7261 22512 
14722 6748 21470 
14177 6212 20389 
13691 5742 19433 
13203 5256 18459 
12738 4767 17505 
12216 4229 16445 
11681 3682 15363 
11117 3103 14220 
10525 2479 13004 
9894 1798 11692 
9303 1173 10476 
8679 524 9203 
8056 65453 73509 
7419 64843 72262 
6864 64303 71167 
6375 63815 70190 
5885 63309 69194 
5339 62742 68081 
4717 62116 66833 
4050 61447 65497 
3395 60786 64181 
2727 60111 62838 
2080 59472 61552 
1501 58894 60395 
901 58321 59222 
303 57736 58039 
65273 57200 122473 
64712 56624 121336 
64197 56078 120275 
63632 55500 119132 
63072 54928 118000 
62514 54385 116899 
61967 53861 115828 
61440 53348 114788 
60899 52806 113705 
60348 52266 112614 
59829 51748 111577 
59317 51254 110571 
58851 50790 109641 
58373 50315 108688 
57882 49812 107694 
57323 49239 106562 
56685 48571 105256 
56113 47982 104095 
55498 47353 102851 
54909 46757 101666 
54346 46179 100525 
53811 45616 99427 
53309 45063 98372 
52841 44562 97403 
52533 44238 96771 
52415 44155 96570 
52394 44141 96535 
52391 44137 96528 
52390 44110 96500 
52287 43998 96285 
51904 43565 95469 
51527 43134 94661 
51272 42823 94095 
51002 42516 93518 
50619 42124 92743 
50241 41728 91969 
49876 41323 91199 
49579 40951 90530 
49374 40637 90011 
49253 40355 89608 
49228 40137 89365 
49228 39912 89140 
49228 39615 88843 
49228 39234 88462 
49229 38729 87958 
49230 38152 87382 
49232 37517 86749 
49250 36973 86223 
49267 36479 85746 
49255 35930 85185 
49239 35342 84581 
49236 34830 84066 
49236 34367 83603 
49235 33873 83108 
49232 33309 82541 
49232 32810 82042 
49233 32292 81525 
49234 31756 80990 
49233 31246 80479 
49232 30807 80039 
49233 30363 79596 
49232 29901 79133 
49234 29365 78599 
49234 28812 78046 
49234 28324 77558 
49234 27874 77108 
49233 27426 76659 
49233 27007 76240 
49234 26646 75880 
49232 26318 75550 
49191 25974 75165 
49097 25605 74702 
48955 25290 74245 
48742 24950 73692 
48494 24599 73093 
48218 24223 72441 
47977 23908 71885 
47731 23591 71322 
47466 23251 70717 
47204 22924 70128 
46887 22538 69425 
46563 22160 68723 
46165 21716 67881 
45789 21327 67116 
45341 20871 66212 
44912 20426 65338 
44499 19996 64495 
44012 19490 63502 
43509 18987 62496 
43013 18503 61516 
42563 18087 60650 
42089 17651 59740 
41611 17227 58838 
41185 16847 58032 
40750 16455 57205 
40373 16107 56480 
39961 15727 55688 
39563 15368 54931 
39150 14968 54118 
38676 14518 53194 
38153 13974 52127 
37610 13423 51033 
37035 12836 49871 
36446 12262 48708 
35938 11739 47677 
35483 11283 46766 
35090 10874 45964 
34706 10497 45203 
34302 10084 44386 
33960 9724 43684 
33647 9385 43032 
33360 9064 42424 
33064 8729 41793 
32753 8380 41133 
32380 7975 40355 
31986 7550 39536 
31630 7170 38800 
31328 6848 38176 
31055 6563 37618 
30811 6312 37123 
30631 6135 36766 
30562 6071 36633 
30556 6066 36622 
30557 6073 36630 
30557 6077 36634 
30557 6075 36632 
30557 6076 36633 
30557 6076 36633 
30556 6076 36632 
30557 6076 36633 
30558 6077 36635 
30558 6076 36634 
30558 6076 36634 
30558 6076 36634 
30558 6076 36634 
30558 6076 36634 
30558 6076 36634 
30558 6076 36634 
30558 6076 36634 
30558 6076 36634 
30558 6076 36634 
30558 6076 36634 
30558 6076 36634 
30558 6076 36634 
30558 6076 36634 
30558 6076 36634 
30558 6076 36634 
30558 6076 36634 
30558 6076 36634 
30558 6076 36634 
30558 6076 36634 
30558 6076 36634 
30558 6076 36634 
30558 6076 36634 
30558 6076 36634 
30558 6076 36634 
30558 6076 36634 
30558 6076 36634 
30558 6076 36634 
30558 6076 36634 
30558 6076 36634 
30558 6076 36634 
30558 6076 36634 
30558 6076 36634 
30558 6076 36634 
30558 6076 36634 
30558 6076 36634 
