1687 13255 14942 
1687 13254 14941 
1687 13254 14941 
1687 13254 14941 
1687 13254 14941 
1687 13254 14941 
1687 13254 14941 
1687 13254 14941 
1687 13255 14942 
1687 13255 14942 
1687 13255 14942 
1688 13255 14943 
1688 13254 14942 
1689 13254 14943 
1689 13254 14943 
1689 13255 14944 
1690 13255 14945 
1690 13254 14944 
1690 13255 14945 
1690 13255 14945 
1690 13255 14945 
1689 13247 14936 
1691 13233 14924 
1691 13232 14923 
1691 13229 14920 
1692 13233 14925 
1705 13248 14953 
1703 13268 14971 
1702 13261 14963 
1702 13263 14965 
1692 13223 14915 
1685 13166 14851 
1632 13150 14782 
1535 13063 14598 
1349 12862 14211 
1037 12555 13592 
684 12194 12878 
332 11814 12146 
65527 11426 76953 
65145 11015 76160 
64765 10588 75353 
64303 10088 74391 
63838 9589 73427 
63324 9045 72369 
62759 8499 71258 
62161 7913 70074 
61574 7316 68890 
60986 6723 67709 
60436 6136 66572 
59953 5625 65578 
59480 5144 64624 
58994 4671 63665 
58458 4164 62622 
57785 3547 61332 
57086 2912 59998 
56327 2239 58566 
55564 1547 57111 
54799 854 55653 
53987 105 54092 
53220 64928 118148 
52482 64244 116726 
51867 63664 115531 
51324 63148 114472 
50852 62694 113546 
50419 62267 112686 
50015 61859 111874 
49615 61440 111055 
49154 60964 110118 
48659 60458 109117 
48125 59912 108037 
47591 59368 106959 
47073 58840 105913 
46515 58249 104764 
45980 57700 103680 
45447 57155 102602 
44864 56569 101433 
44304 55989 100293 
43811 55462 99273 
43301 54954 98255 
42822 54467 97289 
42324 53973 96297 
41821 53473 95294 
41262 52921 94183 
40709 52373 93082 
40136 51806 91942 
39585 51288 90873 
39085 50807 89892 
38592 50340 88932 
38153 49915 88068 
37672 49460 87132 
37239 49056 86295 
36802 48653 85455 
36363 48237 84600 
35932 47842 83774 
35539 47461 83000 
35190 47134 82324 
34899 46854 81753 
34636 46611 81247 
34417 46457 80874 
34178 46285 80463 
33901 46032 79933 
33643 45788 79431 
33379 45513 78892 
33101 45242 78343 
32834 45028 77862 
32605 44916 77521 
32335 44862 77197 
32007 44876 76883 
31660 44898 76558 
31195 44846 76041 
30654 44819 75473 
30032 44801 74833 
29460 44803 74263 
28963 44843 73806 
28480 44893 73373 
27959 44900 72859 
27439 44894 72333 
26863 44861 71724 
26254 44838 71092 
25678 44841 70519 
25136 44863 69999 
24581 44862 69443 
24028 44864 68892 
23482 44872 68354 
22997 44896 67893 
22499 44900 67399 
21815 44900 66715 
21048 44914 65962 
20419 44923 65342 
19904 44923 64827 
19504 44923 64427 
19158 44926 64084 
18809 44925 63734 
18500 44924 63424 
18228 44923 63151 
17971 44925 62896 
17729 44920 62649 
17517 44911 62428 
17381 44913 62294 
17329 44897 62226 
17266 44822 62088 
17176 44727 61903 
17023 44604 61627 
16814 44453 61267 
16565 44246 60811 
16269 43995 60264 
15925 43704 59629 
15538 43355 58893 
15161 43001 58162 
14742 42588 57330 
14349 42204 56553 
13941 41814 55755 
13482 41384 54866 
12969 40864 53833 
12395 40288 52683 
11830 39709 51539 
11247 39083 50330 
10632 38450 49082 
10003 37811 47814 
9426 37211 46637 
8871 36603 45474 
8379 36044 44423 
7908 35521 43429 
7423 35011 42434 
6935 34495 41430 
6430 33979 40409 
5896 33401 39297 
5318 32795 38113 
4711 32171 36882 
4020 31470 35490 
3367 30811 34178 
2625 30067 32692 
1914 29362 31276 
1149 28577 29726 
404 27805 28209 
65234 27074 92308 
64571 26377 90948 
63948 25731 89679 
63357 25120 88477 
62746 24518 87264 
62126 23911 86037 
61474 23273 84747 
60791 22603 83394 
60007 21854 81861 
59214 21078 80292 
58439 20308 78747 
57695 19562 77257 
57017 18866 75883 
56327 18172 74499 
55705 17555 73260 
55125 16972 72097 
54554 16394 70948 
54044 15883 69927 
53610 15446 69056 
53228 15067 68295 
52882 14726 67608 
52513 14355 66868 
52141 13987 66128 
51709 13563 65272 
51244 13111 64355 
50706 12580 63286 
50245 12127 62372 
49733 11617 61350 
49244 11119 60363 
48736 10613 59349 
48210 10075 58285 
47693 9554 57247 
47184 9028 56212 
46693 8516 55209 
46211 8030 54241 
45724 7537 53261 
45271 7087 52358 
44854 6663 51517 
44477 6286 50763 
44141 5956 50097 
43781 5622 49403 
43401 5281 48682 
42978 4908 47886 
42553 4540 47093 
42154 4248 46402 
41701 3943 45644 
41248 3776 45024 
40803 3730 44533 
40366 3676 44042 
39929 3641 43570 
39468 3641 43109 
38997 3664 42661 
38525 3693 42218 
38044 3696 41740 
37551 3696 41247 
37049 3696 40745 
36553 3695 40248 
36050 3695 39745 
35549 3696 39245 
35067 3696 38763 
34662 3700 38362 
34275 3700 37975 
33861 3701 37562 
33435 3728 37163 
32929 3728 36657 
32391 3749 36140 
31850 3777 35627 
31325 3789 35114 
30800 3789 34589 
30317 3788 34105 
29835 3789 33624 
29333 3786 33119 
28809 3786 32595 
28329 3790 32119 
27937 3790 31727 
27585 3789 31374 
27225 3791 31016 
26876 3810 30686 
26537 3810 30347 
26260 3810 30070 
26063 3809 29872 
25920 3807 29727 
25808 3778 29586 
25743 3693 29436 
25701 3574 29275 
25677 3441 29118 
25579 3277 28856 
25330 3060 28390 
24965 2793 27758 
24581 2469 27050 
24213 2126 26339 
23808 1723 25531 
23400 1306 24706 
22931 839 23770 
22476 381 22857 
22021 65429 87450 
21540 64894 86434 
21117 64403 85520 
20700 63940 84640 
20265 63494 83759 
19757 62981 82738 
19181 62421 81602 
18528 61815 80343 
17835 61168 79003 
17154 60503 77657 
16482 59851 76333 
15827 59228 75055 
15199 58635 73834 
14660 58093 72753 
14045 57510 71555 
13503 56982 70485 
12899 56401 69300 
12314 55832 68146 
11692 55206 66898 
11119 54619 65738 
10526 54029 64555 
9948 53449 63397 
9437 52933 62370 
8899 52380 61279 
8320 51774 60094 
7753 51194 58947 
7145 50564 57709 
6530 49926 56456 
5873 49243 55116 
5270 48612 53882 
4755 48016 52771 
4240 47473 51713 
3724 46915 50639 
3208 46372 49580 
2704 45866 48570 
2216 45368 47584 
1790 44931 46721 
1391 44516 45907 
929 44041 44970 
453 43578 44031 
65378 43026 108404 
64653 42348 107001 
63966 41684 105650 
63256 41008 104264 
62537 40317 102854 
61859 39669 101528 
61252 39069 100321 
60690 38493 99183 
60167 37964 98131 
59662 37464 97126 
59139 36958 96097 
58654 36477 95131 
58147 35994 94141 
57685 35548 93233 
57257 35137 92394 
56845 34729 91574 
56487 34373 90860 
56093 33991 90084 
55634 33538 89172 
55177 33081 88258 
54721 32619 87340 
54268 32173 86441 
53813 31716 85529 
53419 31329 84748 
52972 30904 83876 
52540 30486 83026 
52137 30091 82228 
51718 29674 81392 
51347 29306 80653 
50980 28922 79902 
50704 28644 79348 
50434 28384 78818 
50261 28213 78474 
50158 28117 78275 
50120 28089 78209 
50098 28083 78181 
50060 28083 78143 
50015 28087 78102 
49940 28088 78028 
49804 28088 77892 
49557 28086 77643 
49182 28089 77271 
48701 28101 76802 
48153 28099 76252 
47597 28102 75699 
47137 28126 75263 
46775 28174 74949 
46280 28174 74454 
45704 28120 73824 
45135 28070 73205 
44649 28046 72695 
44139 28003 72142 
43670 27996 71666 
43268 28013 71281 
42807 28013 70820 
42303 28021 70324 
41740 28024 69764 
41115 28033 69148 
40502 28113 68615 
39881 28188 68069 
39267 28201 67468 
38707 28201 66908 
38165 28199 66364 
37666 28214 65880 
37225 28274 65499 
36791 28332 65123 
36352 28388 64740 
35932 28455 64387 
35505 28468 63973 
35134 28467 63601 
34889 28458 63347 
34729 28397 63126 
34545 28260 62805 
34304 28064 62368 
34020 27832 61852 
33676 27539 61215 
33218 27154 60372 
32722 26701 59423 
32134 26135 58269 
31519 25537 57056 
30871 24889 55760 
30185 24198 54383 
29522 23543 53065 
28846 22865 51711 
28137 22163 50300 
27459 21457 48916 
26799 20756 47555 
26257 20126 46383 
25757 19572 45329 
25199 19003 44202 
24610 18392 43002 
23952 17722 41674 
23244 16990 40234 
22484 16223 38707 
21733 15464 37197 
20933 14681 35614 
20186 13941 34127 
19452 13191 32643 
18794 12507 31301 
18056 11728 29784 
17360 11009 28369 
16630 10256 26886 
15921 9523 25444 
15148 8738 23886 
14368 7929 22297 
13636 7205 20841 
13001 6565 19566 
12429 5997 18426 
11850 5369 17219 
11264 4747 16011 
10603 4054 14657 
9878 3311 13189 
9069 2493 11562 
8279 1685 9964 
7457 856 8313 
6636 21 6657 
5853 64738 70591 
5112 63969 69081 
4442 63292 67734 
3836 62682 66518 
3276 62097 65373 
2687 61493 64180 
2007 60844 62851 
1248 60117 61365 
555 59403 59958 
65385 58688 124073 
64679 58007 122686 
63985 57351 121336 
63353 56751 120104 
62731 56159 118890 
62147 55618 117765 
61595 55107 116702 
61126 54678 115804 
60538 54138 114676 
60118 53814 113932 
59658 53432 113090 
59346 53197 112543 
59051 52968 112019 
58859 52818 111677 
58699 52696 111395 
58587 52610 111197 
58505 52535 111040 
58335 52389 110724 
58006 52138 110144 
57601 51865 109466 
57103 51567 108670 
56640 51418 108058 
56166 51290 107456 
55789 51298 107087 
55442 51307 106749 
55098 51325 106423 
54668 51330 105998 
54212 51331 105543 
53730 51336 105066 
53207 51414 104621 
52581 51450 104031 
52033 51561 103594 
51553 51762 103315 
51133 51978 103111 
50753 52198 102951 
50410 52376 102786 
50078 52473 102551 
49723 52510 102233 
49316 52530 101846 
48885 52575 101460 
48515 52655 101170 
48180 52739 100919 
47844 52837 100681 
47472 52929 100401 
47121 53061 100182 
46747 53200 99947 
46387 53316 99703 
46047 53378 99425 
45736 53432 99168 
45409 53505 98914 
45087 53540 98627 
44845 53534 98379 
44630 53489 98119 
44414 53446 97860 
44156 53289 97445 
43797 53021 96818 
43384 52725 96109 
42910 52373 95283 
42527 52089 94616 
42129 51745 93874 
41782 51448 93230 
41459 51169 92628 
41156 50914 92070 
40900 50688 91588 
40644 50429 91073 
40374 50129 90503 
40092 49837 89929 
39802 49543 89345 
39485 49222 88707 
39205 48929 88134 
38966 48690 87656 
38673 48398 87071 
38347 48058 86405 
37990 47695 85685 
37635 47347 84982 
37259 46993 84252 
36916 46659 83575 
36602 46329 82931 
36331 46029 82360 
36093 45782 81875 
35885 45574 81459 
35653 45331 80984 
35432 45108 80540 
35235 44921 80156 
35101 44792 79893 
34976 44669 79645 
34844 44540 79384 
34698 44422 79120 
34579 44330 78909 
34441 44189 78630 
34397 44124 78521 
34349 44079 78428 
34292 44039 78331 
34255 44006 78261 
34253 44005 78258 
34253 44005 78258 
34253 44004 78257 
34254 44006 78260 
34258 44009 78267 
34258 44011 78269 
34259 44013 78272 
34259 44013 78272 
34259 44013 78272 
34259 44013 78272 
34259 44013 78272 
34259 44013 78272 
34259 44013 78272 
34259 44014 78273 
34259 44014 78273 
34259 44014 78273 
34259 44014 78273 
34259 44014 78273 
34259 44014 78273 
34259 44014 78273 
34259 44014 78273 
34259 44014 78273 
34259 44014 78273 
34259 44014 78273 
34259 44014 78273 
34259 44014 78273 
34259 44014 78273 
34259 44014 78273 
34259 44014 78273 
34259 44014 78273 
34259 44014 78273 
