38521 54154 92675 
38521 54154 92675 
38521 54154 92675 
38521 54154 92675 
38521 54154 92675 
38521 54154 92675 
38521 54154 92675 
38521 54154 92675 
38521 54154 92675 
38521 54154 92675 
38521 54154 92675 
38521 54154 92675 
38521 54154 92675 
38520 54153 92673 
38521 54153 92674 
38521 54153 92674 
38521 54153 92674 
38521 54153 92674 
38521 54153 92674 
38520 54153 92673 
38520 54153 92673 
38520 54153 92673 
38520 54153 92673 
38521 54153 92674 
38521 54153 92674 
38521 54152 92673 
38521 54152 92673 
38521 54152 92673 
38522 54152 92674 
38521 54151 92672 
38522 54140 92662 
38522 54139 92661 
38524 54148 92672 
38524 54158 92682 
38523 54149 92672 
38519 54119 92638 
38439 54038 92477 
38185 53786 91971 
37806 53393 91199 
37307 52853 90160 
36685 52205 88890 
36039 51496 87535 
35325 50746 86071 
34597 49960 84557 
33825 49134 82959 
33025 48321 81346 
32077 47394 79471 
31086 46448 77534 
30027 45431 75458 
28982 44420 73402 
27947 43404 71351 
27051 42517 69568 
26224 41711 67935 
25523 41066 66589 
24770 40344 65114 
24020 39611 63631 
23230 38821 62051 
22417 38045 60462 
21657 37339 58996 
20848 36574 57422 
20086 35833 55919 
19350 35120 54470 
18643 34438 53081 
17958 33782 51740 
17284 33125 50409 
16619 32484 49103 
16072 31940 48012 
15555 31409 46964 
15069 30891 45960 
14620 30429 45049 
14071 29852 43923 
13526 29318 42844 
12940 28717 41657 
12374 28151 40525 
11822 27599 39421 
11230 27004 38234 
10675 26452 37127 
10231 26013 36244 
9808 25573 35381 
9587 25336 34923 
9183 24932 34115 
8797 24529 33326 
8373 24092 32465 
8020 23743 31763 
7632 23346 30978 
7340 23048 30388 
7023 22733 29756 
6832 22580 29412 
6679 22510 29189 
6585 22514 29099 
6492 22538 29030 
6363 22563 28926 
6224 22607 28831 
6045 22615 28660 
5806 22615 28421 
5513 22612 28125 
5154 22610 27764 
4732 22611 27343 
4287 22612 26899 
3843 22600 26443 
3480 22598 26078 
3196 22600 25796 
2953 22602 25555 
2694 22600 25294 
2318 22588 24906 
1839 22523 24362 
1416 22467 23883 
1043 22462 23505 
611 22461 23072 
155 22467 22622 
65238 22470 87708 
64776 22463 87239 
64318 22455 86773 
63843 22455 86298 
63349 22456 85805 
62876 22455 85331 
62405 22420 84825 
61911 22326 84237 
61345 22199 83544 
60841 22098 82939 
60418 22068 82486 
60064 22078 82142 
59742 22091 81833 
59417 22092 81509 
59117 22128 81245 
58780 22134 80914 
58447 22134 80581 
58102 22145 80247 
57728 22143 79871 
57352 22143 79495 
57009 22142 79151 
56730 22142 78872 
56513 22132 78645 
56363 22104 78467 
56289 22110 78399 
56278 22163 78441 
56278 22195 78473 
56277 22178 78455 
56205 22091 78296 
56011 21883 77894 
55697 21550 77247 
55261 21156 76417 
54785 20718 75503 
54261 20208 74469 
53903 19828 73731 
53491 19410 72901 
52967 18885 71852 
52364 18273 70637 
51681 17613 69294 
50877 16826 67703 
50124 16085 66209 
49352 15327 64679 
48612 14590 63202 
47878 13873 61751 
47131 13141 60272 
46409 12444 58853 
45721 11753 57474 
45095 11085 56180 
44494 10443 54937 
43931 9849 53780 
43365 9280 52645 
42822 8687 51509 
42219 8041 50260 
41493 7279 48772 
40725 6491 47216 
39942 5698 45640 
39206 4900 44106 
38493 4114 42607 
37827 3392 41219 
37206 2722 39928 
36606 2087 38693 
36042 1479 37521 
35479 912 36391 
34937 383 35320 
34291 65275 99566 
33670 64678 98348 
33000 64027 97027 
32374 63416 95790 
31709 62789 94498 
31023 62133 93156 
30375 61511 91886 
29777 60906 90683 
29193 60340 89533 
28643 59837 88480 
28093 59330 87423 
27530 58811 86341 
26956 58275 85231 
26398 57737 84135 
25918 57290 83208 
25414 56810 82224 
24928 56323 81251 
24381 55811 80192 
23827 55286 79113 
23231 54708 77939 
22674 54126 76800 
22116 53532 75648 
21620 53024 74644 
21076 52483 73559 
20587 51994 72581 
20112 51507 71619 
19595 50972 70567 
19152 50516 69668 
18700 50090 68790 
18350 49755 68105 
18001 49432 67433 
17685 49170 66855 
17436 48975 66411 
17107 48724 65831 
16775 48599 65374 
16397 48468 64865 
15989 48310 64299 
15538 48177 63715 
14994 47982 62976 
14526 47852 62378 
14115 47770 61885 
13776 47757 61533 
13426 47755 61181 
13072 47756 60828 
12691 47756 60447 
12269 47743 60012 
11788 47670 59458 
11275 47533 58808 
10874 47468 58342 
10584 47448 58032 
10353 47451 57804 
10100 47448 57548 
9730 47446 57176 
9249 47449 56698 
8686 47448 56134 
8148 47452 55600 
7585 47467 55052 
7012 47482 54494 
6402 47469 53871 
5750 47420 53170 
5145 47385 52530 
4549 47345 51894 
4042 47350 51392 
3591 47345 50936 
3154 47348 50502 
2675 47350 50025 
2174 47348 49522 
1714 47351 49065 
1279 47344 48623 
866 47329 48195 
504 47284 47788 
219 47231 47450 
39 47215 47254 
65472 47215 112687 
65403 47216 112619 
65336 47217 112553 
65314 47203 112517 
65265 47118 112383 
65123 46949 112072 
64904 46719 111623 
64607 46449 111056 
64198 46038 110236 
63716 45537 109253 
63176 44965 108141 
62599 44381 106980 
61979 43767 105746 
61476 43243 104719 
60986 42739 103725 
60382 42109 102491 
59752 41426 101178 
59098 40746 99844 
58338 39999 98337 
57568 39232 96800 
56844 38495 95339 
56147 37769 93916 
55482 37065 92547 
54807 36386 91193 
54156 35741 89897 
53518 35101 88619 
52899 34473 87372 
52291 33854 86145 
51664 33234 84898 
51141 32707 83848 
50675 32252 82927 
50328 31903 82231 
49966 31528 81494 
49640 31188 80828 
49282 30825 80107 
48903 30434 79337 
48372 29923 78295 
47861 29411 77272 
47329 28833 76162 
46785 28253 75038 
46264 27703 73967 
45691 27111 72802 
45153 26558 71711 
44548 25953 70501 
43989 25372 69361 
43373 24748 68121 
42812 24161 66973 
42298 23659 65957 
41778 23183 64961 
41214 22685 63899 
40591 22129 62720 
39969 21576 61545 
39243 20884 60127 
38576 20227 58803 
37882 19557 57439 
37207 18954 56161 
36558 18375 54933 
36035 17871 53906 
35528 17362 52890 
35048 16893 51941 
34665 16527 51192 
34264 16146 50410 
33959 15857 49816 
33658 15563 49221 
33359 15289 48648 
33083 15047 48130 
32837 14811 47648 
32585 14579 47164 
32360 14339 46699 
32170 14125 46295 
31959 13897 45856 
31717 13660 45377 
31490 13433 44923 
31253 13191 44444 
31023 12952 43975 
30755 12655 43410 
30475 12322 42797 
30141 11991 42132 
29720 11592 41312 
29386 11240 40626 
29070 10921 39991 
28784 10650 39434 
28469 10322 38791 
28088 9949 38037 
27620 9495 37115 
27177 9037 36214 
26638 8501 35139 
26171 8036 34207 
25745 7677 33422 
25380 7389 32769 
25068 7155 32223 
24825 7055 31880 
24583 6970 31553 
24324 6894 31218 
24000 6835 30835 
23585 6802 30387 
23119 6818 29937 
22579 6819 29398 
22016 6818 28834 
21467 6821 28288 
20968 6827 27795 
20500 6806 27306 
20084 6786 26870 
19687 6775 26462 
19269 6775 26044 
18825 6754 25579 
18393 6739 25132 
17977 6710 24687 
17560 6696 24256 
17155 6685 23840 
16734 6690 23424 
16294 6691 22985 
15856 6690 22546 
15426 6696 22122 
15035 6716 21751 
14553 6719 21272 
13945 6714 20659 
13316 6712 20028 
12764 6714 19478 
12268 6711 18979 
11755 6681 18436 
11215 6673 17888 
10724 6672 17396 
10338 6671 17009 
10063 6659 16722 
9851 6675 16526 
9626 6757 16383 
9356 6801 16157 
9134 6774 15908 
8963 6677 15640 
8834 6567 15401 
8667 6429 15096 
8454 6219 14673 
8258 6029 14287 
8042 5818 13860 
7759 5553 13312 
7342 5167 12509 
6872 4675 11547 
6379 4158 10537 
5873 3612 9485 
5360 3019 8379 
4826 2426 7252 
4322 1878 6200 
3823 1332 5155 
3329 788 4117 
2782 192 2974 
2228 65134 67362 
1697 64573 66270 
1216 64045 65261 
789 63595 64384 
386 63202 63588 
65476 62779 128255 
65006 62327 127333 
64435 61771 126206 
63846 61179 125025 
63080 60467 123547 
62299 59745 122044 
61526 58984 120510 
60810 58251 119061 
60141 57538 117679 
59481 56864 116345 
58780 56153 114933 
58123 55479 113602 
57462 54814 112276 
56795 54140 110935 
56118 53457 109575 
55436 52769 108205 
54713 52045 106758 
54075 51416 105491 
53458 50812 104270 
52870 50250 103120 
52300 49684 101984 
51809 49156 100965 
51189 48518 99707 
50466 47786 98252 
49694 47027 96721 
48924 46259 95183 
48161 45467 93628 
47446 44726 92172 
46722 43992 90714 
46059 43324 89383 
45404 42671 88075 
44779 42042 86821 
44146 41432 85578 
43558 40861 84419 
42983 40305 83288 
42478 39805 82283 
42007 39331 81338 
41552 38866 80418 
41153 38471 79624 
40767 38096 78863 
40471 37797 78268 
40211 37540 77751 
40049 37372 77421 
39868 37196 77064 
39695 37026 76721 
39481 36830 76311 
39235 36614 75849 
38916 36322 75238 
38583 36020 74603 
38242 35698 73940 
37868 35356 73224 
37455 34959 72414 
37057 34588 71645 
36613 34185 70798 
36163 33778 69941 
35721 33381 69102 
35236 32957 68193 
34778 32589 67367 
34297 32228 66525 
33825 31975 65800 
33400 31849 65249 
32967 31726 64693 
32573 31648 64221 
32194 31639 63833 
31826 31643 63469 
31468 31659 63127 
31092 31664 62756 
30715 31663 62378 
30383 31663 62046 
30096 31663 61759 
29858 31664 61522 
29618 31663 61281 
29310 31664 60974 
28921 31660 60581 
28455 31659 60114 
27938 31665 59603 
27378 31663 59041 
26820 31659 58479 
26283 31657 57940 
25809 31659 57468 
25404 31659 57063 
25036 31658 56694 
24642 31660 56302 
24217 31658 55875 
23749 31658 55407 
23262 31657 54919 
22790 31626 54416 
22363 31616 53979 
21975 31597 53572 
21588 31561 53149 
21167 31515 52682 
20731 31445 52176 
20291 31349 51640 
19882 31219 51101 
19533 31062 50595 
19219 30906 50125 
18897 30730 49627 
18556 30553 49109 
18214 30346 48560 
17861 30115 47976 
17487 29878 47365 
17096 29649 46745 
16720 29422 46142 
16344 29176 45520 
15971 28911 44882 
15576 28633 44209 
15108 28272 43380 
14604 27870 42474 
13976 27341 41317 
13354 26818 40172 
12684 26257 38941 
12007 25664 37671 
11400 25109 36509 
10870 24582 35452 
10409 24113 34522 
10044 23742 33786 
9729 23432 33161 
9476 23169 32645 
9310 22998 32308 
9224 22899 32123 
9218 22876 32094 
9218 22877 32095 
9218 22878 32096 
9218 22878 32096 
9218 22877 32095 
9218 22876 32094 
9218 22876 32094 
9218 22875 32093 
9218 22874 32092 
9217 22875 32092 
9218 22875 32093 
9217 22872 32089 
9218 22871 32089 
9217 22865 32082 
9217 22862 32079 
9217 22862 32079 
9214 22861 32075 
9214 22863 32077 
9214 22869 32083 
9214 22873 32087 
9214 22879 32093 
9214 22882 32096 
9214 22881 32095 
9214 22884 32098 
9214 22885 32099 
9214 22885 32099 
9214 22885 32099 
9214 22886 32100 
9214 22886 32100 
9214 22886 32100 
9214 22886 32100 
9214 22886 32100 
9214 22886 32100 
9214 22886 32100 
9214 22886 32100 
9214 22886 32100 
9214 22886 32100 
9214 22886 32100 
9214 22886 32100 
9214 22886 32100 
9214 22886 32100 
9214 22886 32100 
9214 22886 32100 
9214 22886 32100 
9214 22886 32100 
9214 22887 32101 
9214 22887 32101 
9214 22887 32101 
9214 22887 32101 
9214 22887 32101 
9214 22887 32101 
9214 22887 32101 
9214 22887 32101 
9214 22887 32101 
9214 22887 32101 
9214 22887 32101 
