36829 16702 53531 
36829 16702 53531 
36829 16702 53531 
36829 16702 53531 
36829 16702 53531 
36829 16702 53531 
36829 16702 53531 
36829 16702 53531 
36829 16702 53531 
36829 16702 53531 
36829 16702 53531 
36829 16702 53531 
36829 16704 53533 
36829 16724 53553 
36828 16724 53552 
36828 16715 53543 
36828 16712 53540 
36828 16710 53538 
36829 16713 53542 
36830 16725 53555 
36829 16735 53564 
36829 16736 53565 
36829 16737 53566 
36828 16732 53560 
36827 16709 53536 
36796 16658 53454 
36693 16563 53256 
36531 16404 52935 
36344 16223 52567 
36133 15993 52126 
35921 15773 51694 
35706 15558 51264 
35472 15311 50783 
35230 15067 50297 
34984 14817 49801 
34717 14548 49265 
34420 14260 48680 
34110 13952 48062 
33779 13619 47398 
33417 13262 46679 
33022 12881 45903 
32644 12506 45150 
32283 12151 44434 
31913 11776 43689 
31571 11432 43003 
31224 11089 42313 
30853 10719 41572 
30467 10330 40797 
30079 9945 40024 
29671 9531 39202 
29313 9166 38479 
28962 8788 37750 
28658 8443 37101 
28342 8102 36444 
28076 7808 35884 
27796 7502 35298 
27549 7232 34781 
27344 6999 34343 
27224 6845 34069 
27193 6742 33935 
27192 6663 33855 
27184 6572 33756 
27182 6458 33640 
27179 6311 33490 
27121 6101 33222 
27008 5820 32828 
26907 5497 32404 
26831 5159 31990 
26803 4829 31632 
26791 4501 31292 
26791 4188 30979 
26778 3845 30623 
26761 3451 30212 
26757 3014 29771 
26758 2543 29301 
26758 2092 28850 
26757 1597 28354 
26758 1015 27773 
26758 413 27171 
26757 65369 92126 
26757 64828 91585 
26757 64338 91095 
26757 63869 90626 
26757 63414 90171 
26757 63000 89757 
26758 62617 89375 
26758 62229 88987 
26758 61845 88603 
26758 61447 88205 
26758 61021 87779 
26759 60571 87330 
26759 60105 86864 
26758 59640 86398 
26759 59219 85978 
26758 58861 85619 
26758 58525 85283 
26758 58175 84933 
26758 57825 84583 
26758 57481 84239 
26758 57168 83926 
26758 56867 83625 
26758 56564 83322 
26758 56258 83016 
26758 55966 82724 
26758 55720 82478 
26757 55536 82293 
26735 55409 82144 
26637 55308 81945 
26478 55212 81690 
26300 55071 81371 
26155 54853 81008 
25980 54588 80568 
25771 54284 80055 
25567 54002 79569 
25352 53752 79104 
25091 53451 78542 
24804 53097 77901 
24487 52722 77209 
24130 52326 76456 
23776 51949 75725 
23374 51522 74896 
22931 51076 74007 
22450 50601 73051 
21970 50124 72094 
21474 49628 71102 
21002 49151 70153 
20520 48685 69205 
19987 48191 68178 
19451 47717 67168 
18904 47247 66151 
18370 46768 65138 
17845 46294 64139 
17316 45817 63133 
16780 45330 62110 
16257 44847 61104 
15731 44343 60074 
15267 43895 59162 
14760 43409 58169 
14251 42939 57190 
13752 42493 56245 
13329 42095 55424 
12910 41685 54595 
12480 41262 53742 
12044 40820 52864 
11580 40361 51941 
11140 39917 51057 
10670 39411 50081 
10162 38856 49018 
9611 38292 47903 
9052 37729 46781 
8473 37144 45617 
7937 36584 44521 
7379 36001 43380 
6832 35439 42271 
6316 34912 41228 
5790 34365 40155 
5325 33888 39213 
4827 33361 38188 
4320 32844 37164 
3827 32322 36149 
3304 31775 35079 
2783 31231 34014 
2313 30761 33074 
1925 30377 32302 
1543 30007 31550 
1145 29613 30758 
666 29143 29809 
178 28686 28864 
65153 28180 93333 
64553 27614 92167 
64003 27105 91108 
63444 26581 90025 
62912 26091 89003 
62424 25649 88073 
61966 25222 87188 
61561 24844 86405 
61194 24464 85658 
60836 24091 84927 
60471 23717 84188 
60040 23302 83342 
59646 22910 82556 
59189 22469 81658 
58726 22026 80752 
58252 21568 79820 
57764 21113 78877 
57350 20719 78069 
56863 20259 77122 
56474 19858 76332 
56066 19451 75517 
55682 19073 74755 
55299 18688 73987 
54924 18301 73225 
54498 17866 72364 
54068 17443 71511 
53885 17276 71161 
53805 17171 70976 
53805 17167 70972 
53805 17168 70973 
53805 17167 70972 
53764 17113 70877 
53597 16945 70542 
53236 16525 69761 
52953 16147 69100 
52655 15810 68465 
52342 15481 67823 
51940 15060 67000 
51554 14632 66186 
51232 14253 65485 
51050 13955 65005 
50995 13738 64733 
50981 13463 64444 
50982 13069 64051 
50982 12612 63594 
50982 12147 63129 
50982 11659 62641 
50982 11121 62103 
50982 10520 61502 
50982 9971 60953 
50983 9441 60424 
50982 8883 59865 
50982 8122 59104 
51011 7438 58449 
51004 6800 57804 
50987 6182 57169 
50988 5558 56546 
50988 4915 55903 
50988 4265 55253 
50988 3655 54643 
50985 3073 54058 
50982 2510 53492 
50981 1951 52932 
50981 1448 52429 
50981 954 51935 
50983 495 51478 
50982 113 51095 
50982 65302 116284 
50982 64988 115970 
50982 64712 115694 
50982 64472 115454 
50984 64230 115214 
50982 64007 114989 
50948 63791 114739 
50891 63584 114475 
50738 63355 114093 
50507 63107 113614 
50257 62780 113037 
50006 62417 112423 
49640 62004 111644 
49241 61578 110819 
48779 61066 109845 
48304 60548 108852 
47736 59971 107707 
47151 59394 106545 
46486 58751 105237 
45872 58185 104057 
45309 57649 102958 
44825 57169 101994 
44331 56686 101017 
43813 56149 99962 
43262 55593 98855 
42642 54977 97619 
41961 54295 96256 
41327 53655 94982 
40816 53095 93911 
40260 52512 92772 
39704 51929 91633 
39160 51390 90550 
38607 50828 89435 
38076 50294 88370 
37489 49714 87203 
36863 49096 85959 
36200 48431 84631 
35541 47793 83334 
34833 47127 81960 
34171 46505 80676 
33532 45924 79456 
32908 45367 78275 
32346 44828 77174 
31897 44365 76262 
31393 43886 75279 
30871 43387 74258 
30356 42882 73238 
29795 42301 72096 
29262 41774 71036 
28724 41219 69943 
28244 40735 68979 
27790 40261 68051 
27360 39791 67151 
26964 39371 66335 
26530 38910 65440 
26029 38376 64405 
25497 37821 63318 
24880 37212 62092 
24217 36526 60743 
23585 35838 59423 
22973 35174 58147 
22357 34534 56891 
21709 33876 55585 
21091 33269 54360 
20419 32607 53026 
19829 32025 51854 
19223 31435 50658 
18603 30823 49426 
17991 30215 48206 
17385 29597 46982 
16782 28951 45733 
16221 28341 44562 
15692 27790 43482 
15184 27282 42466 
14722 26840 41562 
14266 26397 40663 
13781 25914 39695 
13292 25429 38721 
12785 24931 37716 
12274 24426 36700 
11762 23910 35672 
11291 23407 34698 
10921 23000 33921 
10557 22591 33148 
10304 22275 32579 
10059 21955 32014 
9814 21650 31464 
9599 21357 30956 
9482 21115 30597 
9439 20928 30367 
9404 20729 30133 
9394 20489 29883 
9394 20185 29579 
9394 19888 29282 
9360 19557 28917 
9354 19134 28488 
9355 18614 27969 
9354 18052 27406 
9355 17481 26836 
9354 16901 26255 
9354 16356 25710 
9354 15849 25203 
9356 15354 24710 
9354 14910 24264 
9350 14520 23870 
9350 14150 23500 
9350 13770 23120 
9350 13305 22655 
9350 12830 22180 
9350 12344 21694 
9351 11873 21224 
9351 11383 20734 
9352 10855 20207 
9351 10222 19573 
9351 9572 18923 
9350 8936 18286 
9345 8363 17708 
9343 7832 17175 
9343 7383 16726 
9312 6942 16254 
9313 6556 15869 
9313 6246 15559 
9309 5979 15288 
9306 5747 15053 
9307 5569 14876 
9307 5472 14779 
9311 5391 14702 
9311 5272 14583 
9290 5108 14398 
9162 4885 14047 
8910 4597 13507 
8564 4171 12735 
8167 3675 11842 
7690 3163 10853 
7128 2597 9725 
6572 2018 8590 
5965 1402 7367 
5382 806 6188 
4797 224 5021 
4176 65144 69320 
3508 64515 68023 
2823 63856 66679 
2143 63210 65353 
1571 62659 64230 
1094 62177 63271 
652 61727 62379 
176 61222 61398 
65140 60641 125781 
64502 59997 124499 
63748 59243 122991 
63013 58533 121546 
62239 57750 119989 
61487 56978 118465 
60674 56173 116847 
59864 55386 115250 
59122 54646 113768 
58348 53885 112233 
57671 53231 110902 
57050 52661 109711 
56476 52111 108587 
55910 51559 107469 
55250 50940 106190 
54544 50316 104860 
53726 49588 103314 
52934 48871 101805 
52149 48136 100285 
51377 47405 98782 
50666 46731 97397 
50003 46100 96103 
49367 45505 94872 
48763 44921 93684 
48188 44341 92529 
47588 43736 91324 
47034 43162 90196 
46465 42589 89054 
45967 42067 88034 
45491 41559 87050 
45100 41127 86227 
44708 40715 85423 
44319 40335 84654 
43901 39913 83814 
43419 39420 82839 
42906 38903 81809 
42309 38290 80599 
41727 37697 79424 
41113 37067 78180 
40538 36476 77014 
39998 35933 75931 
39418 35337 74755 
38844 34754 73598 
38270 34160 72430 
37711 33581 71292 
37165 33010 70175 
36657 32463 69120 
36180 31932 68112 
35749 31450 67199 
35364 30998 66362 
35025 30595 65620 
34718 30215 64933 
34408 29837 64245 
34115 29495 63610 
33850 29173 63023 
33706 28956 62662 
33663 28851 62514 
33659 28766 62425 
33659 28637 62296 
33658 28436 62094 
33626 28167 61793 
33582 27831 61413 
33512 27392 60904 
33505 26893 60398 
33532 26357 59889 
33507 25745 59252 
33507 25098 58605 
33508 24442 57950 
33508 23754 57262 
33513 23010 56523 
33512 22253 55765 
33512 21566 55078 
33511 20967 54478 
33512 20394 53906 
33511 19831 53342 
33511 19266 52777 
33509 18710 52219 
33510 18145 51655 
33515 17583 51098 
33514 17026 50540 
33511 16336 49847 
33516 15666 49182 
33514 15043 48557 
33510 14480 47990 
33508 13987 47495 
33508 13589 47097 
33508 13331 46839 
33423 13158 46581 
33219 12930 46149 
32880 12588 45468 
32506 12172 44678 
32143 11699 43842 
31751 11218 42969 
31298 10714 42012 
30832 10214 41046 
30336 9679 40015 
29785 9101 38886 
29213 8524 37737 
28601 7914 36515 
28005 7319 35324 
27420 6743 34163 
26822 6142 32964 
26256 5596 31852 
25642 5017 30659 
25036 4447 29483 
24393 3878 28271 
23797 3341 27138 
23246 2841 26087 
22747 2381 25128 
22302 1945 24247 
21847 1504 23351 
21359 1039 22398 
20861 555 21416 
20345 30 20375 
19738 64940 84678 
19099 64304 83403 
18466 63659 82125 
17844 63028 80872 
17187 62382 79569 
16640 61823 78463 
16006 61172 77178 
15456 60586 76042 
14914 60000 74914 
14451 59520 73971 
13901 58967 72868 
13403 58449 71852 
12835 57892 70727 
12275 57351 69626 
11641 56722 68363 
11033 56105 67138 
10408 55495 65903 
9863 54956 64819 
9303 54399 63702 
8824 53917 62741 
8362 53457 61819 
7868 52969 60837 
7415 52506 59921 
6924 52001 58925 
6472 51538 58010 
5971 51020 56991 
5462 50521 55983 
4928 49994 54922 
4429 49498 53927 
3851 48926 52777 
3414 48488 51902 
2939 48008 50947 
2627 47694 50321 
2236 47334 49570 
1922 47050 48972 
1657 46767 48424 
1477 46570 48047 
1290 46385 47675 
1197 46288 47485 
1181 46283 47464 
1183 46291 47474 
1183 46299 47482 
1183 46299 47482 
1185 46302 47487 
1185 46300 47485 
1185 46301 47486 
1185 46301 47486 
1185 46301 47486 
1185 46301 47486 
1185 46301 47486 
1185 46301 47486 
1185 46301 47486 
1185 46301 47486 
1185 46301 47486 
1185 46301 47486 
1185 46301 47486 
1185 46301 47486 
1185 46301 47486 
1185 46301 47486 
1185 46301 47486 
1185 46301 47486 
1185 46301 47486 
1185 46301 47486 
1185 46301 47486 
1185 46301 47486 
1185 46301 47486 
1185 46301 47486 
1185 46301 47486 
1185 46301 47486 
1185 46301 47486 
1185 46301 47486 
1185 46301 47486 
1185 46301 47486 
1185 46301 47486 
1185 46301 47486 
