19755 27613 47368 
19755 27613 47368 
19755 27613 47368 
19755 27613 47368 
19755 27612 47367 
19755 27612 47367 
19755 27612 47367 
19755 27611 47366 
19755 27611 47366 
19755 27605 47360 
19755 27600 47355 
19755 27595 47350 
19754 27587 47341 
19754 27570 47324 
19750 27524 47274 
19692 27444 47136 
19566 27349 46915 
19372 27181 46553 
19120 26935 46055 
18770 26581 45351 
18426 26240 44666 
17993 25821 43814 
17515 25347 42862 
17036 24865 41901 
16474 24300 40774 
15942 23777 39719 
15339 23169 38508 
14760 22608 37368 
14122 21971 36093 
13554 21411 34965 
13052 20901 33953 
12582 20435 33017 
12195 20048 32243 
11750 19586 31336 
11291 19115 30406 
10751 18558 29309 
10157 17947 28104 
9476 17257 26733 
8839 16624 25463 
8148 15945 24093 
7478 15310 22788 
6791 14632 21423 
6177 14025 20202 
5568 13435 19003 
4990 12874 17864 
4440 12342 16782 
3925 11815 15740 
3443 11296 14739 
3031 10863 13894 
2626 10448 13074 
2257 10084 12341 
1873 9693 11566 
1551 9357 10908 
1250 9034 10284 
993 8750 9743 
718 8451 9169 
409 8115 8524 
106 7781 7887 
65270 7400 72670 
64895 7005 71900 
64562 6626 71188 
64158 6197 70355 
63815 5790 69605 
63475 5342 68817 
63155 4887 68042 
62851 4443 67294 
62588 4000 66588 
62394 3570 65964 
62253 3153 65406 
62176 2717 64893 
62151 2268 64419 
62152 1830 63982 
62152 1394 63546 
62151 992 63143 
62151 548 62699 
62151 41 62192 
62138 65064 127202 
62114 64568 126682 
62114 64131 126245 
62116 63688 125804 
62116 63234 125350 
62116 62724 124840 
62116 62132 124248 
62116 61511 123627 
62116 60888 123004 
62119 60280 122399 
62118 59761 121879 
62118 59253 121371 
62118 58752 120870 
62118 58228 120346 
62118 57703 119821 
62117 57165 119282 
62115 56611 118726 
62092 56050 118142 
62012 55492 117504 
61788 54940 116728 
61393 54376 115769 
60956 53755 114711 
60529 53098 113627 
60099 52433 112532 
59598 51726 111324 
59079 51034 110113 
58499 50327 108826 
57949 49667 107616 
57415 49027 106442 
56858 48349 105207 
56348 47739 104087 
55778 47088 102866 
55234 46478 101712 
54667 45875 100542 
54039 45254 99293 
53476 44723 98199 
52929 44213 97142 
52372 43693 96065 
51856 43200 95056 
51333 42668 94001 
50741 42069 92810 
50049 41376 91425 
49308 40647 89955 
48538 39857 88395 
47776 39078 86854 
46971 38252 85223 
46209 37463 83672 
45415 36654 82069 
44658 35881 80539 
43923 35110 79033 
43217 34364 77581 
42569 33694 76263 
41941 33072 75013 
41355 32501 73856 
40688 31841 72529 
40040 31219 71259 
39314 30523 69837 
38623 29883 68506 
37889 29183 67072 
37220 28552 65772 
36579 27936 64515 
35933 27316 63249 
35335 26753 62088 
34731 26190 60921 
34188 25688 59876 
33614 25158 58772 
33095 24676 57771 
32534 24156 56690 
31982 23649 55631 
31351 23075 54426 
30710 22504 53214 
30039 21877 51916 
29404 21291 50695 
28842 20760 49602 
28313 20266 48579 
27901 19860 47761 
27507 19464 46971 
27150 19121 46271 
26801 18761 45562 
26476 18421 44897 
26185 18112 44297 
25828 17752 43580 
25508 17462 42970 
25248 17200 42448 
25046 17002 42048 
24881 16845 41726 
24779 16739 41518 
24673 16642 41315 
24523 16479 41002 
24352 16312 40664 
24173 16137 40310 
24058 16009 40067 
23915 15863 39778 
23738 15691 39429 
23581 15539 39120 
23477 15445 38922 
23448 15413 38861 
23438 15406 38844 
23435 15402 38837 
23434 15402 38836 
23416 15378 38794 
23361 15309 38670 
23247 15183 38430 
23040 14970 38010 
22779 14689 37468 
22545 14408 36953 
22293 14081 36374 
22002 13719 35721 
21679 13332 35011 
21314 12877 34191 
20972 12400 33372 
20689 11925 32614 
20500 11480 31980 
20400 11049 31449 
20362 10592 30954 
20372 10108 30480 
20378 9588 29966 
20370 9012 29382 
20383 8419 28802 
20375 7823 28198 
20371 7160 27531 
20373 6489 26862 
20373 5853 26226 
20373 5247 25620 
20376 4655 25031 
20378 4051 24429 
20382 3420 23802 
20381 2790 23171 
20382 2134 22516 
20382 1440 21822 
20382 693 21075 
20379 65460 85839 
20381 64700 85081 
20370 63926 84296 
20371 63218 83589 
20370 62612 82982 
20361 62134 82495 
20337 61751 82088 
20297 61479 81776 
20245 61211 81456 
20177 60909 81086 
20044 60600 80644 
19823 60303 80126 
19549 59981 79530 
19208 59604 78812 
18782 59138 77920 
18343 58640 76983 
17850 58116 75966 
17326 57596 74922 
16764 57063 73827 
16187 56510 72697 
15576 55938 71514 
14973 55365 70338 
14347 54776 69123 
13737 54196 67933 
13152 53633 66785 
12656 53146 65802 
12190 52713 64903 
11748 52307 64055 
11299 51884 63183 
10822 51425 62247 
10280 50888 61168 
9700 50329 60029 
9033 49684 58717 
8410 49040 57450 
7763 48373 56136 
7146 47727 54873 
6541 47081 53622 
5898 46406 52304 
5284 45764 51048 
4671 45133 49804 
4083 44554 48637 
3487 43976 47463 
2897 43401 46298 
2275 42830 45105 
1626 42237 43863 
1028 41696 42724 
441 41165 41606 
65465 40698 106163 
64993 40266 105259 
64561 39873 104434 
64101 39434 103535 
63673 39031 102704 
63261 38640 101901 
62833 38213 101046 
62401 37767 100168 
61945 37246 99191 
61478 36700 98178 
60953 36079 97032 
60401 35458 95859 
59694 34751 94445 
59023 34082 93105 
58316 33364 91680 
57611 32651 90262 
56927 31959 88886 
56264 31276 87540 
55592 30591 86183 
54973 29931 84904 
54330 29266 83596 
53734 28673 82407 
53226 28180 81406 
52853 27811 80664 
52488 27444 79932 
52077 27022 79099 
51578 26501 78079 
50958 25870 76828 
50303 25200 75503 
49606 24489 74095 
48914 23781 72695 
48313 23164 71477 
47692 22533 70225 
47152 21974 69126 
46590 21409 67999 
46084 20898 66982 
45571 20377 65948 
45083 19848 64931 
44720 19419 64139 
44407 19049 63456 
44222 18775 62997 
44116 18593 62709 
44027 18441 62468 
43974 18307 62281 
43941 18177 62118 
43939 18054 61993 
43939 17846 61785 
43946 17491 61437 
43954 17003 60957 
43952 16451 60403 
43952 15888 59840 
43952 15300 59252 
43953 14679 58632 
43953 14047 58000 
43948 13360 57308 
43947 12714 56661 
43946 12074 56020 
43952 11433 55385 
43958 10838 54796 
43942 10252 54194 
43943 9678 53621 
43946 9116 53062 
43948 8541 52489 
43948 7925 51873 
43947 7257 51204 
43946 6531 50477 
43947 5775 49722 
43947 5037 48984 
43947 4346 48293 
43947 3719 47666 
43945 3153 47098 
43942 2662 46604 
43915 2271 46186 
43826 1952 45778 
43633 1694 45327 
43381 1433 44814 
43120 1126 44246 
42892 805 43697 
42541 357 42898 
42137 65409 107546 
41635 64854 106489 
41037 64247 105284 
40321 63575 103896 
39542 62885 102427 
38768 62201 100969 
37952 61460 99412 
37176 60746 97922 
36313 59934 96247 
35473 59129 94602 
34575 58267 92842 
33730 57446 91176 
32855 56577 89432 
32025 55761 87786 
31235 55017 86252 
30490 54341 84831 
29865 53791 83656 
29280 53279 82559 
28742 52756 81498 
28316 52320 80636 
27896 51914 79810 
27465 51501 78966 
26865 50929 77794 
26192 50293 76485 
25451 49585 75036 
24640 48798 73438 
23778 47958 71736 
22953 47134 70087 
22176 46365 68541 
21460 45661 67121 
20782 44994 65776 
20168 44386 64554 
19548 43773 63321 
18911 43128 62039 
18241 42445 60686 
17535 41735 59270 
16868 41064 57932 
16250 40432 56682 
15670 39817 55487 
15154 39225 54379 
14638 38654 53292 
14080 38067 52147 
13448 37445 50893 
12777 36808 49585 
12118 36165 48283 
11498 35567 47065 
10838 34924 45762 
10234 34330 44564 
9642 33752 43394 
9069 33207 42276 
8527 32679 41206 
7968 32151 40119 
7445 31646 39091 
6921 31145 38066 
6476 30702 37178 
6082 30301 36383 
5541 29759 35300 
5143 29351 34494 
4965 29180 34145 
4860 29087 33947 
4751 28985 33736 
4598 28826 33424 
4401 28615 33016 
3984 28156 32140 
3722 27821 31543 
3387 27436 30823 
3122 27170 30292 
2885 26907 29792 
2707 26697 29404 
2446 26407 28853 
2268 26156 28424 
2225 26020 28245 
2226 25876 28102 
2226 25601 27827 
2227 25146 27373 
2233 24575 26808 
2230 23965 26195 
2231 23357 25588 
2230 22807 25037 
2230 22283 24513 
2231 21899 24130 
2230 21518 23748 
2230 21158 23388 
2227 20669 22896 
2227 20030 22257 
2228 19434 21662 
2226 18884 21110 
2228 18317 20545 
2228 17737 19965 
2228 17124 19352 
2228 16439 18667 
2229 15749 17978 
2228 15142 17370 
2229 14553 16782 
2230 13978 16208 
2230 13460 15690 
2229 12966 15195 
2229 12476 14705 
2228 11981 14209 
2227 11467 13694 
2150 10939 13089 
1961 10434 12395 
1648 9935 11583 
1255 9387 10642 
802 8789 9591 
296 8132 8428 
65320 7490 72810 
64744 6799 71543 
64153 6122 70275 
63560 5489 69049 
63012 4919 67931 
62480 4374 66854 
61960 3878 65838 
61448 3381 64829 
60914 2877 63791 
60320 2323 62643 
59706 1756 61462 
59069 1158 60227 
58469 571 59040 
57838 65502 123340 
57359 65013 122372 
56837 64495 121332 
56426 64082 120508 
55994 63666 119660 
55614 63296 118910 
55170 62867 118037 
54760 62474 117234 
54355 62080 116435 
53939 61683 115622 
53567 61323 114890 
53154 60928 114082 
52754 60551 113305 
52431 60242 112673 
52130 59962 112092 
51871 59719 111590 
51629 59497 111126 
51382 59268 110650 
51180 59080 110260 
51034 58945 109979 
50901 58820 109721 
50768 58694 109462 
50644 58573 109217 
50508 58437 108945 
50368 58295 108663 
50233 58158 108391 
50113 58026 108139 
50012 57918 107930 
49918 57828 107746 
49834 57742 107576 
49776 57685 107461 
49737 57648 107385 
49684 57592 107276 
49611 57511 107122 
49546 57431 106977 
49491 57359 106850 
49439 57304 106743 
49375 57241 106616 
49298 57158 106456 
49202 57053 106255 
49104 56941 106045 
49009 56833 105842 
48919 56733 105652 
48817 56617 105434 
48749 56536 105285 
48717 56505 105222 
48701 56491 105192 
48679 56473 105152 
48638 56432 105070 
48571 56362 104933 
48486 56277 104763 
48369 56161 104530 
48276 56062 104338 
48240 56018 104258 
48238 56013 104251 
48238 56013 104251 
48238 56013 104251 
48238 56013 104251 
48238 56013 104251 
48238 56013 104251 
48239 56014 104253 
48238 56014 104252 
48238 56014 104252 
48238 56014 104252 
48238 56014 104252 
48238 56014 104252 
48238 56015 104253 
48238 56015 104253 
48238 56015 104253 
48238 56016 104254 
48238 56016 104254 
48238 56016 104254 
48238 56016 104254 
48238 56017 104255 
48238 56017 104255 
48238 56016 104254 
48238 56017 104255 
48238 56016 104254 
48238 56016 104254 
48238 56016 104254 
48238 56016 104254 
48238 56016 104254 
48238 56016 104254 
48238 56015 104253 
48238 56015 104253 
48238 56015 104253 
48238 56015 104253 
48238 56015 104253 
48238 56015 104253 
48238 56016 104254 
48238 56016 104254 
48238 56016 104254 
48238 56016 104254 
48238 56016 104254 
48238 56016 104254 
48238 56016 104254 
48238 56016 104254 
48238 56016 104254 
48238 56016 104254 
48238 56015 104253 
48238 56015 104253 
48238 56016 104254 
48238 56016 104254 
48238 56016 104254 
48238 56016 104254 
48238 56016 104254 
48238 56015 104253 
48238 56015 104253 
48238 56015 104253 
48238 56017 104255 
48238 56017 104255 
48239 56010 104249 
48238 56002 104240 
48238 56002 104240 
48226 55989 104215 
48209 55987 104196 
48208 55977 104185 
48182 55957 104139 
48120 55895 104015 
47998 55768 103766 
47788 55539 103327 
47505 55231 102736 
47179 54878 102057 
46807 54480 101287 
46411 54053 100464 
45963 53584 99547 
45489 53075 98564 
44956 52534 97490 
44423 51991 96414 
43862 51414 95276 
43384 50925 94309 
42903 50426 93329 
42526 50037 92563 
42147 49643 91790 
41839 49325 91164 
41569 49051 90620 
41349 48827 90176 
41233 48709 89942 
41219 48688 89907 
41220 48690 89910 
41221 48690 89911 
41220 48689 89909 
41221 48690 89911 
41221 48691 89912 
41221 48691 89912 
41221 48691 89912 
41221 48692 89913 
41220 48692 89912 
41221 48692 89913 
41221 48693 89914 
41221 48691 89912 
41221 48693 89914 
41221 48693 89914 
41221 48692 89913 
41221 48692 89913 
41221 48692 89913 
41221 48692 89913 
41221 48692 89913 
41221 48692 89913 
41221 48692 89913 
41221 48692 89913 
41221 48692 89913 
41221 48692 89913 
41221 48692 89913 
41221 48692 89913 
41221 48692 89913 
41221 48692 89913 
41221 48692 89913 
41221 48692 89913 
41221 48692 89913 
41221 48692 89913 
41221 48692 89913 
41221 48692 89913 
41221 48692 89913 
41221 48692 89913 
41221 48692 89913 
41221 48692 89913 
41221 48692 89913 
41221 48692 89913 
41221 48692 89913 
41221 48692 89913 
41221 48692 89913 
41221 48692 89913 
41221 48692 89913 
41221 48692 89913 
41221 48692 89913 
41221 48692 89913 
41221 48692 89913 
41221 48692 89913 
41221 48692 89913 
41221 48692 89913 
41221 48692 89913 
41221 48692 89913 
