7301 50687 57988 
7301 50687 57988 
7301 50687 57988 
7301 50687 57988 
7301 50687 57988 
7301 50687 57988 
7301 50687 57988 
7301 50687 57988 
7301 50690 57991 
7310 50713 58023 
7310 50732 58042 
7309 50713 58022 
7297 50665 57962 
7226 50570 57796 
7092 50415 57507 
6813 50131 56944 
6461 49771 56232 
6008 49306 55314 
5476 48753 54229 
4957 48189 53146 
4430 47585 52015 
3913 46969 50882 
3432 46419 49851 
2923 45903 48826 
2414 45405 47819 
1859 44876 46735 
1297 44320 45617 
678 43720 44398 
65495 43051 108546 
64754 42343 107097 
63953 41548 105501 
63130 40743 103873 
62254 39902 102156 
61387 39055 100442 
60586 38273 98859 
59786 37475 97261 
59093 36801 95894 
58472 36186 94658 
57875 35613 93488 
57280 35024 92304 
56664 34392 91056 
56053 33762 89815 
55356 33049 88405 
54611 32264 86875 
53794 31432 85226 
52876 30556 83432 
52021 29733 81754 
51097 28840 79937 
50294 28074 78368 
49526 27306 76832 
48783 26555 75338 
48138 25903 74041 
47472 25209 72681 
46850 24543 71393 
46276 23939 70215 
45735 23398 69133 
45242 22897 68139 
44765 22423 67188 
44333 21984 66317 
43862 21521 65383 
43422 21087 64509 
42898 20604 63502 
42318 20050 62368 
41747 19527 61274 
41178 19007 60185 
40608 18497 59105 
40169 18113 58282 
39707 17762 57469 
39311 17548 56859 
38839 17386 56225 
38399 17371 55770 
37961 17387 55348 
37491 17371 54862 
37013 17333 54346 
36531 17276 53807 
36071 17216 53287 
35651 17165 52816 
35283 17150 52433 
34887 17116 52003 
34500 17109 51609 
34136 17118 51254 
33806 17150 50956 
33488 17179 50667 
33100 17230 50330 
32605 17268 49873 
32065 17298 49363 
31474 17312 48786 
30860 17314 48174 
30291 17347 47638 
29854 17403 47257 
29596 17509 47105 
29516 17673 47189 
29515 17908 47423 
29490 18173 47663 
29396 18422 47818 
29208 18590 47798 
28847 18644 47491 
28183 18614 46797 
27405 18596 46001 
26752 18571 45323 
26200 18570 44770 
25704 18486 44190 
25320 18396 43716 
24996 18254 43250 
24738 18090 42828 
24535 17888 42423 
24322 17655 41977 
24008 17342 41350 
23574 16949 40523 
23007 16424 39431 
22353 15792 38145 
21632 15075 36707 
20901 14316 35217 
20174 13517 33691 
19437 12752 32189 
18661 12135 30796 
17777 11334 29111 
16934 10519 27453 
16090 9687 25777 
15278 8870 24148 
14506 8100 22606 
13747 7358 21105 
12963 6577 19540 
12066 5662 17728 
11076 4682 15758 
10111 3721 13832 
9072 2650 11722 
8059 1624 9683 
7004 579 7583 
6045 65159 71204 
5067 64163 69230 
4175 63255 67430 
3253 62327 65580 
2476 61542 64018 
1703 60761 62464 
939 60000 60939 
125 59218 59343 
64774 58418 123192 
63862 57561 121423 
62808 56532 119340 
61736 55497 117233 
60773 54509 115282 
59951 53632 113583 
59183 52801 111984 
58519 52092 110611 
57905 51466 109371 
57335 50914 108249 
56813 50394 107207 
56238 49807 106045 
55628 49198 104826 
54951 48573 103524 
54183 47885 102068 
53308 47039 100347 
52492 46287 98779 
51725 45575 97300 
51066 44967 96033 
50443 44388 94831 
49902 43916 93818 
49423 43521 92944 
48931 43108 92039 
48450 42710 91160 
47997 42348 90345 
47644 42127 89771 
47312 42019 89331 
47031 41994 89025 
46740 41951 88691 
46439 41941 88380 
46104 41939 88043 
45771 41924 87695 
45487 41924 87411 
45209 41924 87133 
44921 41940 86861 
44608 41949 86557 
44227 41951 86178 
43773 41953 85726 
43266 41956 85222 
42742 41975 84717 
42198 41999 84197 
41647 42042 83689 
41093 42089 83182 
40533 42133 82666 
40002 42174 82176 
39537 42244 81781 
39120 42308 81428 
38741 42330 81071 
38392 42329 80721 
38109 42328 80437 
37815 42328 80143 
37444 42328 79772 
37005 42328 79333 
36551 42328 78879 
36056 42320 78376 
35553 42319 77872 
35052 42316 77368 
34552 42273 76825 
34045 42198 76243 
33553 42052 75605 
33070 41849 74919 
32601 41600 74201 
32153 41317 73470 
31713 40995 72708 
31231 40614 71845 
30693 40167 70860 
30118 39675 69793 
29514 39117 68631 
28868 38499 67367 
28162 37807 65969 
27405 37071 64476 
26621 36316 62937 
25779 35504 61283 
24935 34695 59630 
24155 33926 58081 
23368 33157 56525 
22660 32454 55114 
21925 31747 53672 
21229 31105 52334 
20421 30328 50749 
19640 29549 49189 
18719 28644 47363 
17750 27723 45473 
16677 26637 43314 
15671 25571 41242 
14653 24491 39144 
13670 23445 37115 
12695 22396 35091 
11809 21415 33224 
11013 20508 31521 
10295 19712 30007 
9654 18999 28653 
8954 18287 27241 
8173 17496 25669 
7352 16736 24088 
6468 15887 22355 
5560 15016 20576 
4633 14102 18735 
3770 13237 17007 
2984 12459 15443 
2215 11721 13936 
1581 11086 12667 
975 10471 11446 
463 9968 10431 
22 9537 9559 
65033 9040 74073 
64415 8459 72874 
63702 7790 71492 
62910 7062 69972 
62061 6256 68317 
61261 5482 66743 
60505 4775 65280 
59828 4141 63969 
59224 3577 62801 
58675 3063 61738 
58180 2604 60784 
57665 2142 59807 
57211 1748 58959 
56822 1434 58256 
56550 1200 57750 
56348 1025 57373 
56190 907 57097 
56069 855 56924 
55998 857 56855 
55947 856 56803 
55918 854 56772 
55869 840 56709 
55817 843 56660 
55723 843 56566 
55540 842 56382 
55272 843 56115 
54917 843 55760 
54496 842 55338 
54063 853 54916 
53688 942 54630 
53386 1042 54428 
53048 1136 54184 
52505 1185 53690 
51830 1184 53014 
51115 1185 52300 
50424 1212 51636 
49746 1214 50960 
49051 1211 50262 
48354 1214 49568 
47661 1213 48874 
46957 1213 48170 
46266 1213 47479 
45622 1213 46835 
45038 1213 46251 
44506 1213 45719 
43997 1213 45210 
43497 1213 44710 
42962 1213 44175 
42380 1180 43560 
41816 1094 42910 
41302 930 42232 
40880 724 41604 
40480 455 40935 
40149 193 40342 
39784 65409 105193 
39364 65035 104399 
38768 64506 103274 
38062 63836 101898 
37283 63040 100323 
36431 62149 98580 
35369 61068 96437 
34201 59895 94096 
32974 58648 91622 
31706 57399 89105 
30341 56059 86400 
29133 54821 83954 
28029 53628 81657 
27016 52575 79591 
25967 51539 77506 
24922 50507 75429 
23774 49352 73126 
22577 48186 70763 
21224 46861 68085 
19909 45544 65453 
18590 44245 62835 
17337 43037 60374 
16206 41942 58148 
15252 40981 56233 
14393 40117 54510 
13565 39311 52876 
12607 38367 50974 
11625 37365 48990 
10531 36218 46749 
9354 35001 44355 
8135 33784 41919 
7045 32691 39736 
6056 31648 37704 
5254 30763 36017 
4488 29928 34416 
3852 29221 33073 
3267 28578 31845 
2756 28028 30784 
2298 27533 29831 
1864 27077 28941 
1431 26656 28087 
893 26149 27042 
351 25664 26015 
65216 25058 90274 
64619 24642 89261 
64063 24380 88443 
63531 24230 87761 
63042 24162 87204 
62613 24161 86774 
62215 24161 86376 
61811 24164 85975 
61382 24162 85544 
60965 24163 85128 
60664 24217 84881 
60462 24311 84773 
60263 24450 84713 
59943 24643 84586 
59467 24824 84291 
58801 24979 83780 
58123 25147 83270 
57428 25323 82751 
56753 25535 82288 
56040 25714 81754 
55259 25860 81119 
54506 25941 80447 
53801 25940 79741 
53175 25907 79082 
52655 25888 78543 
52193 25879 78072 
51788 25859 77647 
51420 25832 77252 
51079 25805 76884 
50751 25785 76536 
50423 25757 76180 
50127 25717 75844 
49852 25634 75486 
49620 25489 75109 
49417 25331 74748 
49277 25234 74511 
49223 25215 74438 
49203 25189 74392 
49086 25090 74176 
48786 24865 73651 
48352 24510 72862 
47933 24082 72015 
47521 23573 71094 
47034 23036 70070 
46567 22539 69106 
46196 22144 68340 
45784 21727 67511 
45465 21455 66920 
45188 21251 66439 
44963 21072 66035 
44786 20917 65703 
44564 20708 65272 
44315 20471 64786 
44087 20237 64324 
43797 19948 63745 
43513 19674 63187 
43158 19322 62480 
42774 18940 61714 
42399 18566 60965 
42072 18219 60291 
41796 17945 59741 
41620 17780 59400 
41545 17701 59246 
41541 17695 59236 
41541 17704 59245 
41541 17711 59252 
41541 17711 59252 
41541 17710 59251 
41541 17711 59252 
41541 17711 59252 
41542 17712 59254 
41542 17713 59255 
41542 17713 59255 
41542 17713 59255 
41542 17713 59255 
41542 17713 59255 
41542 17713 59255 
41542 17713 59255 
41543 17713 59256 
41543 17713 59256 
41543 17714 59257 
41543 17713 59256 
41543 17713 59256 
41543 17713 59256 
41543 17714 59257 
41543 17713 59256 
41543 17714 59257 
41543 17713 59256 
41543 17714 59257 
41543 17714 59257 
41543 17714 59257 
41543 17714 59257 
41543 17714 59257 
41543 17714 59257 
41543 17714 59257 
41543 17714 59257 
41543 17714 59257 
